{
  "assembly_metadata": {
    "assembly_name": "1092161887-M1.iam",
    "full_file_name": "E:\\Phase 1\\New-Assemblies\\PRANA - Assembly Automation\\Assembly 9\\Workspaces\\1092161887-M1\\1092161887-M1.iam",
    "internal_name": "{727AC401-45FD-7F33-2D61-5F8DC2AACCE1}",
    "total_occurrences": 21,
    "total_constraints": 32
  },
  "physics": {
    "mass_kg": 4.3852839861076074,
    "center_of_mass": [
      -0.10160638504661325,
      -0.91634755383626409,
      -1.1205296121099166
    ],
    "inertia_tensor": [
      1403.3509277754993,
      872.42169287549029,
      2082.3412251000082,
      -5.9149042462610995,
      -23.71357696379388,
      -2.4969527514031387
    ]
  },
  "assembly_graph": {
    "nodes": [
      {
        "node_id": "1092161886-M1:1",
        "file_name": "E:\\Phase 1\\New-Assemblies\\PRANA - Assembly Automation\\Assembly 9\\Workspaces\\1092161887-M1\\1092161886-M1.ipt",
        "component_type": "kPartDocumentObject",
        "grounded": true,
        "suppressed": false,
        "visible": true,
        "adaptive": false,
        "flexible": false,
        "dof_translation": 0,
        "dof_rotation": 0,
        "fully_constrained": false,
        "transform": {
          "rotation_matrix": [
            [
              1.0,
              5.2380334940832389E-16,
              -4.4920675298946047E-31
            ],
            [
              -5.2380334940832192E-16,
              1.0,
              1.1173901724451132E-16
            ],
            [
              -1.3805065841367707E-30,
              -1.1173901724451221E-16,
              1.0
            ]
          ],
          "translation_cm": [
            -14.649999999931879,
            -2.1000000000003145,
            -7.2500000000000853
          ]
        }
      },
      {
        "node_id": "0129327029-M5:1",
        "file_name": "E:\\Phase 1\\New-Assemblies\\PRANA - Assembly Automation\\Assembly 9\\Workspaces\\1092161887-M1\\0129327029-M5.ipt",
        "component_type": "kPartDocumentObject",
        "grounded": false,
        "suppressed": false,
        "visible": true,
        "adaptive": false,
        "flexible": false,
        "dof_translation": 0,
        "dof_rotation": 1,
        "fully_constrained": false,
        "transform": {
          "rotation_matrix": [
            [
              -2.0950229968435137E-16,
              1.0,
              -5.0346543483788471E-31
            ],
            [
              -1.0,
              -2.0950229968435026E-16,
              -6.8406648392229753E-31
            ],
            [
              4.6169923962816983E-33,
              -3.0290969193854837E-31,
              1.0
            ]
          ],
          "translation_cm": [
            15.84000000006802,
            20.900000000000052,
            4.9499999999999122
          ]
        }
      },
      {
        "node_id": "0129327029-M5:2",
        "file_name": "E:\\Phase 1\\New-Assemblies\\PRANA - Assembly Automation\\Assembly 9\\Workspaces\\1092161887-M1\\0129327029-M5.ipt",
        "component_type": "kPartDocumentObject",
        "grounded": false,
        "suppressed": false,
        "visible": true,
        "adaptive": false,
        "flexible": false,
        "dof_translation": 0,
        "dof_rotation": 1,
        "fully_constrained": false,
        "transform": {
          "rotation_matrix": [
            [
              -2.0950229968435137E-16,
              1.0,
              -5.0346543483788471E-31
            ],
            [
              -1.0,
              -2.0950229968435026E-16,
              -6.8406648392229753E-31
            ],
            [
              4.6169923962816983E-33,
              -3.0290969193854837E-31,
              1.0
            ]
          ],
          "translation_cm": [
            15.84000000006802,
            20.900000000000052,
            -5.0500000000000886
          ]
        }
      },
      {
        "node_id": "0129327029-M5:3",
        "file_name": "E:\\Phase 1\\New-Assemblies\\PRANA - Assembly Automation\\Assembly 9\\Workspaces\\1092161887-M1\\0129327029-M5.ipt",
        "component_type": "kPartDocumentObject",
        "grounded": false,
        "suppressed": false,
        "visible": true,
        "adaptive": false,
        "flexible": false,
        "dof_translation": 0,
        "dof_rotation": 1,
        "fully_constrained": false,
        "transform": {
          "rotation_matrix": [
            [
              7.5079731235607433E-17,
              -1.0,
              -4.8844518914393893E-31
            ],
            [
              1.0,
              7.5079731235605141E-17,
              -6.8406648392229753E-31
            ],
            [
              -2.225015379405315E-33,
              2.5351564681361707E-31,
              1.0
            ]
          ],
          "translation_cm": [
            -15.840000000067988,
            20.900000000000066,
            4.9499999999999122
          ]
        }
      },
      {
        "node_id": "0129327029-M5:4",
        "file_name": "E:\\Phase 1\\New-Assemblies\\PRANA - Assembly Automation\\Assembly 9\\Workspaces\\1092161887-M1\\0129327029-M5.ipt",
        "component_type": "kPartDocumentObject",
        "grounded": false,
        "suppressed": false,
        "visible": true,
        "adaptive": false,
        "flexible": false,
        "dof_translation": 0,
        "dof_rotation": 1,
        "fully_constrained": false,
        "transform": {
          "rotation_matrix": [
            [
              7.5079731235607433E-17,
              -1.0,
              -4.8844518914393893E-31
            ],
            [
              1.0,
              7.5079731235605141E-17,
              -6.8406648392229753E-31
            ],
            [
              -2.225015379405315E-33,
              2.5351564681361707E-31,
              1.0
            ]
          ],
          "translation_cm": [
            -15.840000000067988,
            20.900000000000066,
            -5.0500000000000886
          ]
        }
      },
      {
        "node_id": "0129327029-M5:5",
        "file_name": "E:\\Phase 1\\New-Assemblies\\PRANA - Assembly Automation\\Assembly 9\\Workspaces\\1092161887-M1\\0129327029-M5.ipt",
        "component_type": "kPartDocumentObject",
        "grounded": false,
        "suppressed": false,
        "visible": true,
        "adaptive": false,
        "flexible": false,
        "dof_translation": 0,
        "dof_rotation": 1,
        "fully_constrained": false,
        "transform": {
          "rotation_matrix": [
            [
              7.5079731235607433E-17,
              -1.0,
              -4.8844518914393893E-31
            ],
            [
              1.0,
              7.5079731235605141E-17,
              -6.8406648392229753E-31
            ],
            [
              -2.225015379405315E-33,
              2.5351564681361707E-31,
              1.0
            ]
          ],
          "translation_cm": [
            -15.840000000068002,
            -20.900000000000318,
            4.9499999999999158
          ]
        }
      },
      {
        "node_id": "0129327029-M5:6",
        "file_name": "E:\\Phase 1\\New-Assemblies\\PRANA - Assembly Automation\\Assembly 9\\Workspaces\\1092161887-M1\\0129327029-M5.ipt",
        "component_type": "kPartDocumentObject",
        "grounded": false,
        "suppressed": false,
        "visible": true,
        "adaptive": false,
        "flexible": false,
        "dof_translation": 0,
        "dof_rotation": 1,
        "fully_constrained": false,
        "transform": {
          "rotation_matrix": [
            [
              7.5079731235607433E-17,
              -1.0,
              -4.8844518914393893E-31
            ],
            [
              1.0,
              7.5079731235605141E-17,
              -6.8406648392229753E-31
            ],
            [
              -2.225015379405315E-33,
              2.5351564681361707E-31,
              1.0
            ]
          ],
          "translation_cm": [
            -15.840000000068002,
            -20.900000000000318,
            -5.0500000000000842
          ]
        }
      },
      {
        "node_id": "0129327029-M5:7",
        "file_name": "E:\\Phase 1\\New-Assemblies\\PRANA - Assembly Automation\\Assembly 9\\Workspaces\\1092161887-M1\\0129327029-M5.ipt",
        "component_type": "kPartDocumentObject",
        "grounded": false,
        "suppressed": false,
        "visible": true,
        "adaptive": false,
        "flexible": false,
        "dof_translation": 0,
        "dof_rotation": 1,
        "fully_constrained": false,
        "transform": {
          "rotation_matrix": [
            [
              -2.0950229968435137E-16,
              1.0,
              -5.0346543483788471E-31
            ],
            [
              -1.0,
              -2.0950229968435026E-16,
              -6.8406648392229753E-31
            ],
            [
              4.6169923962816983E-33,
              -3.0290969193854837E-31,
              1.0
            ]
          ],
          "translation_cm": [
            15.840000000068006,
            -20.900000000000333,
            -5.0500000000000842
          ]
        }
      },
      {
        "node_id": "0129327029-M5:8",
        "file_name": "E:\\Phase 1\\New-Assemblies\\PRANA - Assembly Automation\\Assembly 9\\Workspaces\\1092161887-M1\\0129327029-M5.ipt",
        "component_type": "kPartDocumentObject",
        "grounded": false,
        "suppressed": false,
        "visible": true,
        "adaptive": false,
        "flexible": false,
        "dof_translation": 0,
        "dof_rotation": 1,
        "fully_constrained": false,
        "transform": {
          "rotation_matrix": [
            [
              -2.0950229968435137E-16,
              1.0,
              -5.0346543483788471E-31
            ],
            [
              -1.0,
              -2.0950229968435026E-16,
              -6.8406648392229753E-31
            ],
            [
              4.6169923962816983E-33,
              -3.0290969193854837E-31,
              1.0
            ]
          ],
          "translation_cm": [
            15.840000000068006,
            -20.900000000000333,
            4.9499999999999158
          ]
        }
      },
      {
        "node_id": "0298100025-M5:1",
        "file_name": "E:\\Phase 1\\New-Assemblies\\PRANA - Assembly Automation\\Assembly 9\\Workspaces\\1092161887-M1\\0298100025-M5.ipt",
        "component_type": "kPartDocumentObject",
        "grounded": false,
        "suppressed": false,
        "visible": true,
        "adaptive": false,
        "flexible": false,
        "dof_translation": 0,
        "dof_rotation": 0,
        "fully_constrained": true,
        "transform": {
          "rotation_matrix": [
            [
              0.86602540378443893,
              -0.50000000000000033,
              -2.9498753743984372E-16
            ],
            [
              -1.9959719260046032E-16,
              2.4426259624757521E-16,
              -1.0
            ],
            [
              0.50000000000000033,
              0.86602540378443849,
              1.1173901724451144E-16
            ]
          ],
          "translation_cm": [
            -10.151104574144393,
            -22.020000000000323,
            -3.050000000000332
          ]
        }
      },
      {
        "node_id": "0298100025-M5:2",
        "file_name": "E:\\Phase 1\\New-Assemblies\\PRANA - Assembly Automation\\Assembly 9\\Workspaces\\1092161887-M1\\0298100025-M5.ipt",
        "component_type": "kPartDocumentObject",
        "grounded": false,
        "suppressed": false,
        "visible": true,
        "adaptive": false,
        "flexible": false,
        "dof_translation": 0,
        "dof_rotation": 0,
        "fully_constrained": true,
        "transform": {
          "rotation_matrix": [
            [
              0.86602540378443893,
              -0.50000000000000033,
              -2.9498753743984372E-16
            ],
            [
              -1.9959719260046032E-16,
              2.4426259624757521E-16,
              -1.0
            ],
            [
              0.50000000000000033,
              0.86602540378443849,
              1.1173901724451144E-16
            ]
          ],
          "translation_cm": [
            -10.151104574144453,
            -22.020000000000323,
            3.1500000000012878
          ]
        }
      },
      {
        "node_id": "0298100025-M5:3",
        "file_name": "E:\\Phase 1\\New-Assemblies\\PRANA - Assembly Automation\\Assembly 9\\Workspaces\\1092161887-M1\\0298100025-M5.ipt",
        "component_type": "kPartDocumentObject",
        "grounded": false,
        "suppressed": false,
        "visible": true,
        "adaptive": false,
        "flexible": false,
        "dof_translation": 0,
        "dof_rotation": 0,
        "fully_constrained": true,
        "transform": {
          "rotation_matrix": [
            [
              0.86602540378443893,
              -0.50000000000000033,
              -2.9498753743984397E-16
            ],
            [
              -1.9959719260046029E-16,
              2.4426259624757516E-16,
              -1.0
            ],
            [
              0.50000000000000033,
              0.86602540378443849,
              1.1173901724451137E-16
            ]
          ],
          "translation_cm": [
            9.84889662377318,
            -22.020000000000334,
            3.150000000001397
          ]
        }
      },
      {
        "node_id": "0298100025-M5:4",
        "file_name": "E:\\Phase 1\\New-Assemblies\\PRANA - Assembly Automation\\Assembly 9\\Workspaces\\1092161887-M1\\0298100025-M5.ipt",
        "component_type": "kPartDocumentObject",
        "grounded": false,
        "suppressed": false,
        "visible": true,
        "adaptive": false,
        "flexible": false,
        "dof_translation": 0,
        "dof_rotation": 0,
        "fully_constrained": true,
        "transform": {
          "rotation_matrix": [
            [
              0.86602540378443893,
              -0.50000000000000033,
              -2.9498753743984397E-16
            ],
            [
              -1.9959719260046029E-16,
              2.4426259624757516E-16,
              -1.0
            ],
            [
              0.50000000000000033,
              0.86602540378443849,
              1.1173901724451137E-16
            ]
          ],
          "translation_cm": [
            9.8488966237731841,
            -22.020000000000334,
            -3.0500000000003364
          ]
        }
      },
      {
        "node_id": "0298100030-M5:1",
        "file_name": "E:\\Phase 1\\New-Assemblies\\PRANA - Assembly Automation\\Assembly 9\\Workspaces\\1092161887-M1\\0298100030-M5.ipt",
        "component_type": "kPartDocumentObject",
        "grounded": false,
        "suppressed": false,
        "visible": true,
        "adaptive": false,
        "flexible": false,
        "dof_translation": 0,
        "dof_rotation": 0,
        "fully_constrained": true,
        "transform": {
          "rotation_matrix": [
            [
              1.0,
              7.49918745068266E-18,
              6.3310710822681635E-17
            ],
            [
              -7.4991874506825579E-18,
              1.0,
              1.1173901724451179E-16
            ],
            [
              -6.3310710822681487E-17,
              -1.1173901724451218E-16,
              1.0
            ]
          ],
          "translation_cm": [
            -14.850000000067983,
            12.599999999999774,
            7.1699999999999129
          ]
        }
      },
      {
        "node_id": "0298100030-M5:2",
        "file_name": "E:\\Phase 1\\New-Assemblies\\PRANA - Assembly Automation\\Assembly 9\\Workspaces\\1092161887-M1\\0298100030-M5.ipt",
        "component_type": "kPartDocumentObject",
        "grounded": false,
        "suppressed": false,
        "visible": true,
        "adaptive": false,
        "flexible": false,
        "dof_translation": 0,
        "dof_rotation": 0,
        "fully_constrained": true,
        "transform": {
          "rotation_matrix": [
            [
              1.0,
              7.49918745068266E-18,
              6.3310710822681635E-17
            ],
            [
              -7.4991874506825579E-18,
              1.0,
              1.1173901724451179E-16
            ],
            [
              -6.3310710822681487E-17,
              -1.1173901724451218E-16,
              1.0
            ]
          ],
          "translation_cm": [
            -14.850000000067991,
            -12.600000000000307,
            7.1699999999999164
          ]
        }
      },
      {
        "node_id": "0298100030-M5:3",
        "file_name": "E:\\Phase 1\\New-Assemblies\\PRANA - Assembly Automation\\Assembly 9\\Workspaces\\1092161887-M1\\0298100030-M5.ipt",
        "component_type": "kPartDocumentObject",
        "grounded": false,
        "suppressed": false,
        "visible": true,
        "adaptive": false,
        "flexible": false,
        "dof_translation": 0,
        "dof_rotation": 0,
        "fully_constrained": true,
        "transform": {
          "rotation_matrix": [
            [
              1.0,
              -7.1740764809856425E-17,
              8.28732250177298E-31
            ],
            [
              7.1740764809856634E-17,
              1.0,
              1.1173901724451171E-16
            ],
            [
              -1.4751542294720115E-30,
              -1.1173901724451221E-16,
              1.0
            ]
          ],
          "translation_cm": [
            14.850000000068022,
            12.599999999999755,
            7.1699999999999129
          ]
        }
      },
      {
        "node_id": "0298100030-M5:4",
        "file_name": "E:\\Phase 1\\New-Assemblies\\PRANA - Assembly Automation\\Assembly 9\\Workspaces\\1092161887-M1\\0298100030-M5.ipt",
        "component_type": "kPartDocumentObject",
        "grounded": false,
        "suppressed": false,
        "visible": true,
        "adaptive": false,
        "flexible": false,
        "dof_translation": 0,
        "dof_rotation": 0,
        "fully_constrained": true,
        "transform": {
          "rotation_matrix": [
            [
              1.0,
              -7.1740764809856425E-17,
              8.28732250177298E-31
            ],
            [
              7.1740764809856634E-17,
              1.0,
              1.1173901724451171E-16
            ],
            [
              -1.4751542294720115E-30,
              -1.1173901724451221E-16,
              1.0
            ]
          ],
          "translation_cm": [
            14.850000000068007,
            -12.600000000000326,
            7.1699999999999164
          ]
        }
      },
      {
        "node_id": "0298100025-M5:5",
        "file_name": "E:\\Phase 1\\New-Assemblies\\PRANA - Assembly Automation\\Assembly 9\\Workspaces\\1092161887-M1\\0298100025-M5.ipt",
        "component_type": "kPartDocumentObject",
        "grounded": false,
        "suppressed": false,
        "visible": true,
        "adaptive": false,
        "flexible": false,
        "dof_translation": 0,
        "dof_rotation": 0,
        "fully_constrained": true,
        "transform": {
          "rotation_matrix": [
            [
              0.8660254037844386,
              0.49999999999999956,
              7.4350029859459953E-17
            ],
            [
              -8.5195060081682712E-18,
              -1.3394384245738427E-16,
              1.0
            ],
            [
              0.49999999999999956,
              -0.8660254037844386,
              -1.1173901724451137E-16
            ]
          ],
          "translation_cm": [
            -10.151104574144428,
            22.020000000000074,
            3.1500000000013211
          ]
        }
      },
      {
        "node_id": "0298100025-M5:6",
        "file_name": "E:\\Phase 1\\New-Assemblies\\PRANA - Assembly Automation\\Assembly 9\\Workspaces\\1092161887-M1\\0298100025-M5.ipt",
        "component_type": "kPartDocumentObject",
        "grounded": false,
        "suppressed": false,
        "visible": true,
        "adaptive": false,
        "flexible": false,
        "dof_translation": 0,
        "dof_rotation": 0,
        "fully_constrained": true,
        "transform": {
          "rotation_matrix": [
            [
              0.8660254037844386,
              0.49999999999999956,
              7.4350029859459953E-17
            ],
            [
              -8.5195060081682835E-18,
              -1.3394384245738424E-16,
              1.0
            ],
            [
              0.49999999999999956,
              -0.8660254037844386,
              -1.1173901724451134E-16
            ]
          ],
          "translation_cm": [
            9.8488966237732321,
            22.020000000000064,
            3.1500000000014361
          ]
        }
      },
      {
        "node_id": "0298100025-M5:7",
        "file_name": "E:\\Phase 1\\New-Assemblies\\PRANA - Assembly Automation\\Assembly 9\\Workspaces\\1092161887-M1\\0298100025-M5.ipt",
        "component_type": "kPartDocumentObject",
        "grounded": false,
        "suppressed": false,
        "visible": true,
        "adaptive": false,
        "flexible": false,
        "dof_translation": 0,
        "dof_rotation": 0,
        "fully_constrained": true,
        "transform": {
          "rotation_matrix": [
            [
              1.0,
              -1.6420582959631902E-46,
              -6.3310710822681426E-17
            ],
            [
              4.9303806576313079E-32,
              -1.0,
              -1.1173901724451218E-16
            ],
            [
              -6.3310710822681426E-17,
              1.1173901724451218E-16,
              -1.0
            ]
          ],
          "translation_cm": [
            -12.000000000067974,
            20.075000000000053,
            -7.1700000000000879
          ]
        }
      },
      {
        "node_id": "0298100025-M5:8",
        "file_name": "E:\\Phase 1\\New-Assemblies\\PRANA - Assembly Automation\\Assembly 9\\Workspaces\\1092161887-M1\\0298100025-M5.ipt",
        "component_type": "kPartDocumentObject",
        "grounded": false,
        "suppressed": false,
        "visible": true,
        "adaptive": false,
        "flexible": false,
        "dof_translation": 0,
        "dof_rotation": 0,
        "fully_constrained": true,
        "transform": {
          "rotation_matrix": [
            [
              -0.49999999999999983,
              0.86602540378443926,
              -7.2099038788172347E-31
            ],
            [
              0.86602540378443926,
              0.49999999999999983,
              -1.1173901724451226E-16
            ],
            [
              -9.6768827527654746E-17,
              -5.5869508622256707E-17,
              -1.0
            ]
          ],
          "translation_cm": [
            11.999999999931966,
            -13.275000000000263,
            -7.1700000000000861
          ]
        }
      }
    ],
    "constraint_edges": [
      {
        "constraint_name": "Insert:1",
        "constraint_type": "kInsertConstraint",
        "suppressed": false,
        "health_status": "kUpToDateHealth",
        "node_one_id": "0129327029-M5:1",
        "node_two_id": "1092161886-M1:1",
        "offset_cm": null,
        "angle_rad": null,
        "entity_one": {
          "entity_type": "67120288",
          "proxy_context_occurrence": "0129327029-M5:1",
          "owner_document": "E:\\Phase 1\\New-Assemblies\\PRANA - Assembly Automation\\Assembly 9\\Workspaces\\1092161887-M1\\0129327029-M5.ipt",
          "reference_key_string": "AQQBABAAAAAAAAAAAgAAAAQAAAAGAAAA",
          "context_key_string": "nsIrpNQR6AFgAC2z7in7sAQAAB5AAADIMgIotS/9IIFFAwBkBQABAADtN0PA0xEdDmAAALgylIewAAABAQAAsS28CdARH+wACNywOz6oCQIBAACyBAAAAFQAZQBzAHQA9q423zlE7UZBUlyVnuQHUgD/////AAAAAAAABgBICM1Q4SAAYOo/XxjmxA==",
          "surface_type": null,
          "area_cm2": null,
          "face_normal_at_center": null,
          "face_point_at_center": null,
          "face_bbox_min": null,
          "face_bbox_max": null,
          "loops": [],
          "curve_type": "kCircleCurve",
          "length_cm": 1.5707963267948994,
          "edge_midpoint": [
            0.25000000000000056,
            0.50999999999999956,
            3.0616169978683886E-17
          ],
          "edge_tangent_at_mid": [
            1.2246467991473532E-16,
            -1.7889882545353825E-32,
            -1.0
          ],
          "work_feature_name": null
        },
        "entity_two": {
          "entity_type": "67120288",
          "proxy_context_occurrence": "1092161886-M1:1",
          "owner_document": "E:\\Phase 1\\New-Assemblies\\PRANA - Assembly Automation\\Assembly 9\\Workspaces\\1092161887-M1\\1092161886-M1.ipt",
          "reference_key_string": "AQQBABAAAAAAAAAAAgAAAAQAAAAGAAAA",
          "context_key_string": "nsIrpNQR6AFgAC2z7in7sAQAAB5AAADIMgIotS/9IIFFAwBkBQABAADtN0PA0xEdDmAAALgylIewAAABAQAAsS28CdARH+wACNywOz6oCQIBAACyBAAAAFQAZQBzAHQAkPpkmdJNvYhl2YK24BLasgD/////AAAAAAAABgBICM1Q4SAAYOo/XxjmxA==",
          "surface_type": null,
          "area_cm2": null,
          "face_normal_at_center": null,
          "face_point_at_center": null,
          "face_bbox_min": null,
          "face_bbox_max": null,
          "loops": [],
          "curve_type": "kCircleCurve",
          "length_cm": 1.0210176124166828,
          "edge_midpoint": [
            30.999999999999886,
            23.000000000000387,
            12.362499999999999
          ],
          "edge_tangent_at_mid": [
            -1.6821907279961038E-16,
            1.0,
            1.2246467991473532E-16
          ],
          "work_feature_name": null
        }
      },
      {
        "constraint_name": "Insert:2",
        "constraint_type": "kInsertConstraint",
        "suppressed": false,
        "health_status": "kUpToDateHealth",
        "node_one_id": "0129327029-M5:2",
        "node_two_id": "1092161886-M1:1",
        "offset_cm": null,
        "angle_rad": null,
        "entity_one": {
          "entity_type": "67120288",
          "proxy_context_occurrence": "0129327029-M5:2",
          "owner_document": "E:\\Phase 1\\New-Assemblies\\PRANA - Assembly Automation\\Assembly 9\\Workspaces\\1092161887-M1\\0129327029-M5.ipt",
          "reference_key_string": "AQQBABAAAAAAAAAAAgAAAAQAAAAGAAAA",
          "context_key_string": "nsIrpNQR6AFgAC2z7in7sAQAAB5AAADIMgIotS/9IIFFAwBkBQABAADtN0PA0xEdDmAAALgylIewAAABAQAAsS28CdARH+wACNywOz6oCQIBAACyBAAAAFQAZQBzAHQA9q423zlE7UZBUlyVnuQHUgD/////AAAAAAAABgBICM1Q4SAAYOo/XxjmxA==",
          "surface_type": null,
          "area_cm2": null,
          "face_normal_at_center": null,
          "face_point_at_center": null,
          "face_bbox_min": null,
          "face_bbox_max": null,
          "loops": [],
          "curve_type": "kCircleCurve",
          "length_cm": 1.5707963267948994,
          "edge_midpoint": [
            0.25000000000000056,
            0.50999999999999956,
            3.0616169978683886E-17
          ],
          "edge_tangent_at_mid": [
            1.2246467991473532E-16,
            -1.7889882545353825E-32,
            -1.0
          ],
          "work_feature_name": null
        },
        "entity_two": {
          "entity_type": "67120288",
          "proxy_context_occurrence": "1092161886-M1:1",
          "owner_document": "E:\\Phase 1\\New-Assemblies\\PRANA - Assembly Automation\\Assembly 9\\Workspaces\\1092161887-M1\\1092161886-M1.ipt",
          "reference_key_string": "AQQBABAAAAAAAAAAAgAAAAcAAAAGAAAA",
          "context_key_string": "nsIrpNQR6AFgAC2z7in7sAQAAB5AAADIMgIotS/9IIFFAwBkBQABAADtN0PA0xEdDmAAALgylIewAAABAQAAsS28CdARH+wACNywOz6oCQIBAACyBAAAAFQAZQBzAHQAkPpkmdJNvYhl2YK24BLasgD/////AAAAAAAABgBICM1Q4SAAYOo/XxjmxA==",
          "surface_type": null,
          "area_cm2": null,
          "face_normal_at_center": null,
          "face_point_at_center": null,
          "face_bbox_min": null,
          "face_bbox_max": null,
          "loops": [],
          "curve_type": "kCircleCurve",
          "length_cm": 1.0210176124166828,
          "edge_midpoint": [
            30.999999999999886,
            23.000000000000387,
            2.3624999999999994
          ],
          "edge_tangent_at_mid": [
            -1.6821907279961038E-16,
            1.0,
            1.2246467991473532E-16
          ],
          "work_feature_name": null
        }
      },
      {
        "constraint_name": "Insert:3",
        "constraint_type": "kInsertConstraint",
        "suppressed": false,
        "health_status": "kUpToDateHealth",
        "node_one_id": "0129327029-M5:8",
        "node_two_id": "1092161886-M1:1",
        "offset_cm": null,
        "angle_rad": null,
        "entity_one": {
          "entity_type": "67120288",
          "proxy_context_occurrence": "0129327029-M5:8",
          "owner_document": "E:\\Phase 1\\New-Assemblies\\PRANA - Assembly Automation\\Assembly 9\\Workspaces\\1092161887-M1\\0129327029-M5.ipt",
          "reference_key_string": "AQQBABAAAAAAAAAAAgAAAAQAAAAGAAAA",
          "context_key_string": "nsIrpNQR6AFgAC2z7in7sAQAAB5AAADIMgIotS/9IIFFAwBkBQABAADtN0PA0xEdDmAAALgylIewAAABAQAAsS28CdARH+wACNywOz6oCQIBAACyBAAAAFQAZQBzAHQA9q423zlE7UZBUlyVnuQHUgD/////AAAAAAAABgBICM1Q4SAAYOo/XxjmxA==",
          "surface_type": null,
          "area_cm2": null,
          "face_normal_at_center": null,
          "face_point_at_center": null,
          "face_bbox_min": null,
          "face_bbox_max": null,
          "loops": [],
          "curve_type": "kCircleCurve",
          "length_cm": 1.5707963267948994,
          "edge_midpoint": [
            0.25000000000000056,
            0.50999999999999956,
            3.0616169978683886E-17
          ],
          "edge_tangent_at_mid": [
            1.2246467991473532E-16,
            -1.7889882545353825E-32,
            -1.0
          ],
          "work_feature_name": null
        },
        "entity_two": {
          "entity_type": "67120288",
          "proxy_context_occurrence": "1092161886-M1:1",
          "owner_document": "E:\\Phase 1\\New-Assemblies\\PRANA - Assembly Automation\\Assembly 9\\Workspaces\\1092161887-M1\\1092161886-M1.ipt",
          "reference_key_string": "AQQBABAAAAAAAAAAAgAAAAoAAAAGAAAA",
          "context_key_string": "nsIrpNQR6AFgAC2z7in7sAQAAB5AAADIMgIotS/9IIFFAwBkBQABAADtN0PA0xEdDmAAALgylIewAAABAQAAsS28CdARH+wACNywOz6oCQIBAACyBAAAAFQAZQBzAHQAkPpkmdJNvYhl2YK24BLasgD/////AAAAAAAABgBICM1Q4SAAYOo/XxjmxA==",
          "surface_type": null,
          "area_cm2": null,
          "face_normal_at_center": null,
          "face_point_at_center": null,
          "face_bbox_min": null,
          "face_bbox_max": null,
          "loops": [],
          "curve_type": "kCircleCurve",
          "length_cm": 1.0210176124166828,
          "edge_midpoint": [
            30.999999999999893,
            -18.799999999999997,
            12.362499999999999
          ],
          "edge_tangent_at_mid": [
            -1.6821907279961038E-16,
            1.0,
            1.2246467991473532E-16
          ],
          "work_feature_name": null
        }
      },
      {
        "constraint_name": "Insert:4",
        "constraint_type": "kInsertConstraint",
        "suppressed": false,
        "health_status": "kUpToDateHealth",
        "node_one_id": "0129327029-M5:7",
        "node_two_id": "1092161886-M1:1",
        "offset_cm": null,
        "angle_rad": null,
        "entity_one": {
          "entity_type": "67120288",
          "proxy_context_occurrence": "0129327029-M5:7",
          "owner_document": "E:\\Phase 1\\New-Assemblies\\PRANA - Assembly Automation\\Assembly 9\\Workspaces\\1092161887-M1\\0129327029-M5.ipt",
          "reference_key_string": "AQQBABAAAAAAAAAAAgAAAAQAAAAGAAAA",
          "context_key_string": "nsIrpNQR6AFgAC2z7in7sAQAAB5AAADIMgIotS/9IIFFAwBkBQABAADtN0PA0xEdDmAAALgylIewAAABAQAAsS28CdARH+wACNywOz6oCQIBAACyBAAAAFQAZQBzAHQA9q423zlE7UZBUlyVnuQHUgD/////AAAAAAAABgBICM1Q4SAAYOo/XxjmxA==",
          "surface_type": null,
          "area_cm2": null,
          "face_normal_at_center": null,
          "face_point_at_center": null,
          "face_bbox_min": null,
          "face_bbox_max": null,
          "loops": [],
          "curve_type": "kCircleCurve",
          "length_cm": 1.5707963267948994,
          "edge_midpoint": [
            0.25000000000000056,
            0.50999999999999956,
            3.0616169978683886E-17
          ],
          "edge_tangent_at_mid": [
            1.2246467991473532E-16,
            -1.7889882545353825E-32,
            -1.0
          ],
          "work_feature_name": null
        },
        "entity_two": {
          "entity_type": "67120288",
          "proxy_context_occurrence": "1092161886-M1:1",
          "owner_document": "E:\\Phase 1\\New-Assemblies\\PRANA - Assembly Automation\\Assembly 9\\Workspaces\\1092161887-M1\\1092161886-M1.ipt",
          "reference_key_string": "AQQBABAAAAAAAAAAAgAAAA0AAAAGAAAA",
          "context_key_string": "nsIrpNQR6AFgAC2z7in7sAQAAB5AAADIMgIotS/9IIFFAwBkBQABAADtN0PA0xEdDmAAALgylIewAAABAQAAsS28CdARH+wACNywOz6oCQIBAACyBAAAAFQAZQBzAHQAkPpkmdJNvYhl2YK24BLasgD/////AAAAAAAABgBICM1Q4SAAYOo/XxjmxA==",
          "surface_type": null,
          "area_cm2": null,
          "face_normal_at_center": null,
          "face_point_at_center": null,
          "face_bbox_min": null,
          "face_bbox_max": null,
          "loops": [],
          "curve_type": "kCircleCurve",
          "length_cm": 1.0210176124166828,
          "edge_midpoint": [
            30.999999999999893,
            -18.799999999999997,
            2.3624999999999994
          ],
          "edge_tangent_at_mid": [
            -1.6821907279961038E-16,
            1.0,
            1.2246467991473532E-16
          ],
          "work_feature_name": null
        }
      },
      {
        "constraint_name": "Insert:5",
        "constraint_type": "kInsertConstraint",
        "suppressed": false,
        "health_status": "kUpToDateHealth",
        "node_one_id": "0129327029-M5:5",
        "node_two_id": "1092161886-M1:1",
        "offset_cm": null,
        "angle_rad": null,
        "entity_one": {
          "entity_type": "67120288",
          "proxy_context_occurrence": "0129327029-M5:5",
          "owner_document": "E:\\Phase 1\\New-Assemblies\\PRANA - Assembly Automation\\Assembly 9\\Workspaces\\1092161887-M1\\0129327029-M5.ipt",
          "reference_key_string": "AQQBABAAAAAAAAAAAgAAAAQAAAAGAAAA",
          "context_key_string": "nsIrpNQR6AFgAC2z7in7sAQAAB5AAADIMgIotS/9IIFFAwBkBQABAADtN0PA0xEdDmAAALgylIewAAABAQAAsS28CdARH+wACNywOz6oCQIBAACyBAAAAFQAZQBzAHQA9q423zlE7UZBUlyVnuQHUgD/////AAAAAAAABgBICM1Q4SAAYOo/XxjmxA==",
          "surface_type": null,
          "area_cm2": null,
          "face_normal_at_center": null,
          "face_point_at_center": null,
          "face_bbox_min": null,
          "face_bbox_max": null,
          "loops": [],
          "curve_type": "kCircleCurve",
          "length_cm": 1.5707963267948994,
          "edge_midpoint": [
            0.25000000000000056,
            0.50999999999999956,
            3.0616169978683886E-17
          ],
          "edge_tangent_at_mid": [
            1.2246467991473532E-16,
            -1.7889882545353825E-32,
            -1.0
          ],
          "work_feature_name": null
        },
        "entity_two": {
          "entity_type": "67120288",
          "proxy_context_occurrence": "1092161886-M1:1",
          "owner_document": "E:\\Phase 1\\New-Assemblies\\PRANA - Assembly Automation\\Assembly 9\\Workspaces\\1092161887-M1\\1092161886-M1.ipt",
          "reference_key_string": "AQQBABAAAAAAAAAAAgAAABAAAAAGAAAA",
          "context_key_string": "nsIrpNQR6AFgAC2z7in7sAQAAB5AAADIMgIotS/9IIFFAwBkBQABAADtN0PA0xEdDmAAALgylIewAAABAQAAsS28CdARH+wACNywOz6oCQIBAACyBAAAAFQAZQBzAHQAkPpkmdJNvYhl2YK24BLasgD/////AAAAAAAABgBICM1Q4SAAYOo/XxjmxA==",
          "surface_type": null,
          "area_cm2": null,
          "face_normal_at_center": null,
          "face_point_at_center": null,
          "face_bbox_min": null,
          "face_bbox_max": null,
          "loops": [],
          "curve_type": "kCircleCurve",
          "length_cm": 1.0210176124166828,
          "edge_midpoint": [
            -1.7000000001361109,
            -18.800000000000004,
            12.0375
          ],
          "edge_tangent_at_mid": [
            -3.0264164124835554E-16,
            1.0,
            -4.3961858673899768E-48
          ],
          "work_feature_name": null
        }
      },
      {
        "constraint_name": "Insert:6",
        "constraint_type": "kInsertConstraint",
        "suppressed": false,
        "health_status": "kUpToDateHealth",
        "node_one_id": "0129327029-M5:6",
        "node_two_id": "1092161886-M1:1",
        "offset_cm": null,
        "angle_rad": null,
        "entity_one": {
          "entity_type": "67120288",
          "proxy_context_occurrence": "0129327029-M5:6",
          "owner_document": "E:\\Phase 1\\New-Assemblies\\PRANA - Assembly Automation\\Assembly 9\\Workspaces\\1092161887-M1\\0129327029-M5.ipt",
          "reference_key_string": "AQQBABAAAAAAAAAAAgAAAAQAAAAGAAAA",
          "context_key_string": "nsIrpNQR6AFgAC2z7in7sAQAAB5AAADIMgIotS/9IIFFAwBkBQABAADtN0PA0xEdDmAAALgylIewAAABAQAAsS28CdARH+wACNywOz6oCQIBAACyBAAAAFQAZQBzAHQA9q423zlE7UZBUlyVnuQHUgD/////AAAAAAAABgBICM1Q4SAAYOo/XxjmxA==",
          "surface_type": null,
          "area_cm2": null,
          "face_normal_at_center": null,
          "face_point_at_center": null,
          "face_bbox_min": null,
          "face_bbox_max": null,
          "loops": [],
          "curve_type": "kCircleCurve",
          "length_cm": 1.5707963267948994,
          "edge_midpoint": [
            0.25000000000000056,
            0.50999999999999956,
            3.0616169978683886E-17
          ],
          "edge_tangent_at_mid": [
            1.2246467991473532E-16,
            -1.7889882545353825E-32,
            -1.0
          ],
          "work_feature_name": null
        },
        "entity_two": {
          "entity_type": "67120288",
          "proxy_context_occurrence": "1092161886-M1:1",
          "owner_document": "E:\\Phase 1\\New-Assemblies\\PRANA - Assembly Automation\\Assembly 9\\Workspaces\\1092161887-M1\\1092161886-M1.ipt",
          "reference_key_string": "AQQBABAAAAAAAAAAAgAAABIAAAAGAAAA",
          "context_key_string": "nsIrpNQR6AFgAC2z7in7sAQAAB5AAADIMgIotS/9IIFFAwBkBQABAADtN0PA0xEdDmAAALgylIewAAABAQAAsS28CdARH+wACNywOz6oCQIBAACyBAAAAFQAZQBzAHQAkPpkmdJNvYhl2YK24BLasgD/////AAAAAAAABgBICM1Q4SAAYOo/XxjmxA==",
          "surface_type": null,
          "area_cm2": null,
          "face_normal_at_center": null,
          "face_point_at_center": null,
          "face_bbox_min": null,
          "face_bbox_max": null,
          "loops": [],
          "curve_type": "kCircleCurve",
          "length_cm": 1.0210176124166828,
          "edge_midpoint": [
            -1.7000000001361109,
            -18.800000000000004,
            2.0374999999999992
          ],
          "edge_tangent_at_mid": [
            -3.0264164124835554E-16,
            1.0,
            -4.3961858673899768E-48
          ],
          "work_feature_name": null
        }
      },
      {
        "constraint_name": "Insert:7",
        "constraint_type": "kInsertConstraint",
        "suppressed": false,
        "health_status": "kUpToDateHealth",
        "node_one_id": "0129327029-M5:3",
        "node_two_id": "1092161886-M1:1",
        "offset_cm": null,
        "angle_rad": null,
        "entity_one": {
          "entity_type": "67120288",
          "proxy_context_occurrence": "0129327029-M5:3",
          "owner_document": "E:\\Phase 1\\New-Assemblies\\PRANA - Assembly Automation\\Assembly 9\\Workspaces\\1092161887-M1\\0129327029-M5.ipt",
