{
  "assembly_metadata": {
    "assembly_name": "1093144795-M1.iam",
    "full_file_name": "E:\\Phase 1\\New-Assemblies\\PRANA - Assembly Automation\\Assembly 1\\1093144795-M1.iam",
    "internal_name": "{D07AB2C9-4C0E-F777-46C3-A09B4953F383}",
    "total_occurrences": 86,
    "total_constraints": 49
  },
  "physics": {
    "mass_kg": 14.275907261881285,
    "center_of_mass": [
      41.180245304852114,
      63.725096888132391,
      -1.2519968111251398
    ],
    "inertia_tensor": [
      21745.13489225032,
      14303.788357120644,
      35930.137390542332,
      -179.64749671393633,
      139.59355925460858,
      31.6919773934508
    ]
  },
  "assembly_graph": {
    "nodes": [
      {
        "node_id": "1093144795-A:1",
        "file_name": "E:\\Atlas Copco\\Assembly 1\\1093144795-A.ipt",
        "component_type": "kPartDocumentObject",
        "grounded": true,
        "suppressed": false,
        "visible": true,
        "adaptive": false,
        "flexible": false,
        "dof_translation": 0,
        "dof_rotation": 0,
        "fully_constrained": false,
        "transform": {
          "rotation_matrix": [
            [
              1.0,
              0.0,
              0.0
            ],
            [
              0.0,
              1.0,
              0.0
            ],
            [
              0.0,
              0.0,
              1.0
            ]
          ],
          "translation_cm": [
            0.0,
            0.0,
            0.0
          ]
        }
      },
      {
        "node_id": "1028925335-B:1",
        "file_name": "E:\\Atlas Copco\\Assembly 1\\1028925335-B.ipt",
        "component_type": "kPartDocumentObject",
        "grounded": false,
        "suppressed": false,
        "visible": true,
        "adaptive": false,
        "flexible": false,
        "dof_translation": 0,
        "dof_rotation": 0,
        "fully_constrained": true,
        "transform": {
          "rotation_matrix": [
            [
              -1.0,
              -1.0072189995624986E-16,
              -1.0072189995627111E-16
            ],
            [
              -1.0072189995626509E-16,
              -5.9348377158053144E-14,
              1.0
            ],
            [
              -1.0072189995625584E-16,
              1.0,
              5.9348377158053144E-14
            ]
          ],
          "translation_cm": [
            79.875000000000028,
            101.90000000000005,
            -5.9999999999934222
          ]
        }
      },
      {
        "node_id": "1028925335-B:2",
        "file_name": "E:\\Atlas Copco\\Assembly 1\\1028925335-B.ipt",
        "component_type": "kPartDocumentObject",
        "grounded": false,
        "suppressed": false,
        "visible": true,
        "adaptive": false,
        "flexible": false,
        "dof_translation": 0,
        "dof_rotation": 0,
        "fully_constrained": true,
        "transform": {
          "rotation_matrix": [
            [
              1.0,
              1.0072189995627232E-16,
              2.3204514490875052E-16
            ],
            [
              2.3204514490875106E-16,
              -5.194087990387062E-15,
              -1.0
            ],
            [
              -1.0072189995627113E-16,
              1.0,
              -5.194087990387062E-15
            ]
          ],
          "translation_cm": [
            54.875000000000028,
            57.500000000000043,
            -5.9999999999999982
          ]
        }
      },
      {
        "node_id": "1028925335-C:1",
        "file_name": "E:\\Atlas Copco\\Assembly 1\\1028925335-C.ipt",
        "component_type": "kPartDocumentObject",
        "grounded": false,
        "suppressed": false,
        "visible": true,
        "adaptive": false,
        "flexible": false,
        "dof_translation": 0,
        "dof_rotation": 0,
        "fully_constrained": true,
        "transform": {
          "rotation_matrix": [
            [
              -1.0,
              7.2770462716936584E-16,
              -3.2828527993691061E-31
            ],
            [
              7.2770462716936584E-16,
              1.0,
              5.7526699567638248E-16
            ],
            [
              8.89664841418872E-31,
              5.752669956763812E-16,
              -1.0
            ]
          ],
          "translation_cm": [
            0.375000000000043,
            9.9983883476482642,
            -2.7750000000004591
          ]
        }
      },
      {
        "node_id": "1028925335-C:2",
        "file_name": "E:\\Atlas Copco\\Assembly 1\\1028925335-C.ipt",
        "component_type": "kPartDocumentObject",
        "grounded": false,
        "suppressed": false,
        "visible": true,
        "adaptive": false,
        "flexible": false,
        "dof_translation": 0,
        "dof_rotation": 0,
        "fully_constrained": true,
        "transform": {
          "rotation_matrix": [
            [
              -1.0,
              3.781566174937242E-16,
              6.0930229101424967E-15
            ],
            [
              3.7815661749373155E-16,
              1.0,
              1.1532060008330917E-15
            ],
            [
              -6.0930229101424951E-15,
              1.1532060008330941E-15,
              -1.0
            ]
          ],
          "translation_cm": [
            92.374999999999972,
            9.998388347648147,
            -2.7749999999999524
          ]
        }
      },
      {
        "node_id": "1028925335-D:1",
        "file_name": "E:\\Atlas Copco\\Assembly 1\\1028925335-D.ipt",
        "component_type": "kPartDocumentObject",
        "grounded": false,
        "suppressed": false,
        "visible": true,
        "adaptive": false,
        "flexible": false,
        "dof_translation": 0,
        "dof_rotation": 0,
        "fully_constrained": true,
        "transform": {
          "rotation_matrix": [
            [
              1.0,
              -1.8986377218350041E-16,
              2.259771196155691E-16
            ],
            [
              1.1696666905469535E-15,
              2.236344418943755E-15,
              -0.99999999999999889
            ],
            [
              -7.8059264414649963E-17,
              1.0,
              1.8309596277490656E-15
            ]
          ],
          "translation_cm": [
            33.4999999999997,
            89.998388347648216,
            -4.9999999999999991
          ]
        }
      },
      {
        "node_id": "1028925335-E:1",
        "file_name": "E:\\Atlas Copco\\Assembly 1\\1028925335-E.ipt",
        "component_type": "kPartDocumentObject",
        "grounded": false,
        "suppressed": false,
        "visible": true,
        "adaptive": false,
        "flexible": false,
        "dof_translation": 0,
        "dof_rotation": 0,
        "fully_constrained": true,
        "transform": {
          "rotation_matrix": [
            [
              -1.0,
              -6.1215002615726844E-19,
              -2.8838503666474209E-16
            ],
            [
              -6.1215002617440055E-19,
              1.0,
              5.940700015174967E-14
            ],
            [
              2.8838503666474164E-16,
              5.940700015174967E-14,
              -1.0
            ]
          ],
          "translation_cm": [
            50.54499999999998,
            74.8,
            4.4290671896726563E-12
          ]
        }
      },
      {
        "node_id": "1028925335-F:1",
        "file_name": "E:\\Atlas Copco\\Assembly 1\\1028925335-F.ipt",
        "component_type": "kPartDocumentObject",
        "grounded": false,
        "suppressed": false,
        "visible": true,
        "adaptive": false,
        "flexible": false,
        "dof_translation": 0,
        "dof_rotation": 0,
        "fully_constrained": true,
        "transform": {
          "rotation_matrix": [
            [
              -1.0,
              7.4133481879350732E-20,
              -3.7000091563211126E-21
            ],
            [
              3.7000091563211126E-21,
              5.894284035139058E-17,
              -1.0
            ],
            [
              -7.4133481879350732E-20,
              -1.0,
              -5.894284035139058E-17
            ]
          ],
          "translation_cm": [
            38.044999999999966,
            36.3,
            3.9206009356241E-17
          ]
        }
      },
      {
        "node_id": "1093144795-G:1",
        "file_name": "E:\\Atlas Copco\\Assembly 1\\1093144795-G.ipt",
        "component_type": "kPartDocumentObject",
        "grounded": false,
        "suppressed": false,
        "visible": true,
        "adaptive": false,
        "flexible": false,
        "dof_translation": 0,
        "dof_rotation": 0,
        "fully_constrained": true,
        "transform": {
          "rotation_matrix": [
            [
              -3.0695708913968777E-16,
              5.8942840351390309E-17,
              -0.99999999999999778
            ],
            [
              0.99999999999999778,
              -7.4133481879332363E-20,
              -3.0695708913968777E-16
            ],
            [
              -7.4133481879350708E-20,
              -1.0,
              -5.8942840351390555E-17
            ]
          ],
          "translation_cm": [
            10.54499999999994,
            47.5499999999999,
            3.9206009356241045E-17
          ]
        }
      },
      {
        "node_id": "0298100025:1",
        "file_name": "E:\\Atlas Copco\\Assembly 1\\0298100025.ipt",
        "component_type": "kPartDocumentObject",
        "grounded": false,
        "suppressed": false,
        "visible": true,
        "adaptive": false,
        "flexible": false,
        "dof_translation": 0,
        "dof_rotation": 1,
        "fully_constrained": false,
        "transform": {
          "rotation_matrix": [
            [
              0.99999999999999911,
              -3.5374496604584051E-15,
              1.6653345369397092E-16
            ],
            [
              -8.8817841970013233E-16,
              -6.1006858438231552E-14,
              -0.99999999999999944
            ],
            [
              3.219646771412937E-15,
              0.99999999999999922,
              -6.1037513068266758E-14
            ]
          ],
          "translation_cm": [
            90.499999999999829,
            119.73161165235177,
            -4.6499999999999089
          ]
        }
      },
      {
        "node_id": "0298100025:2",
        "file_name": "E:\\Atlas Copco\\Assembly 1\\0298100025.ipt",
        "component_type": "kPartDocumentObject",
        "grounded": false,
        "suppressed": false,
        "visible": true,
        "adaptive": false,
        "flexible": false,
        "dof_translation": 0,
        "dof_rotation": 1,
        "fully_constrained": false,
        "transform": {
          "rotation_matrix": [
            [
              1.0000000000000004,
              4.6469860706908679E-15,
              6.30489186612029E-16
            ],
            [
              2.4191112799351219E-16,
              -6.1006858438231539E-14,
              -1.0000000000000002
            ],
            [
              -4.238845100660596E-15,
              0.99999999999999967,
              -6.1653303056099092E-14
            ]
          ],
          "translation_cm": [
            -5.4999999999997318,
            119.73161165235172,
            -4.650000000000424
          ]
        }
      },
      {
        "node_id": "0228100017-M1:1",
        "file_name": "E:\\Phase 1\\New-Assemblies\\PRANA - Assembly Automation\\Assembly 1\\0228100017-M1.ipt",
        "component_type": "kPartDocumentObject",
        "grounded": false,
        "suppressed": false,
        "visible": true,
        "adaptive": false,
        "flexible": false,
        "dof_translation": 0,
        "dof_rotation": 0,
        "fully_constrained": true,
        "transform": {
          "rotation_matrix": [
            [
              0.99999999999999822,
              -1.1102230246307932E-16,
              -3.0695587874508211E-16
            ],
            [
              5.7042369956737185E-16,
              1.8885436622107277E-16,
              0.99999999999999845
            ],
            [
              -5.7646311327425854E-30,
              -1.0000000000000002,
              -2.2439933806639353E-44
            ]
          ],
          "translation_cm": [
            2.4999999999999396,
            105.31,
            6.8522043750716721E-17
          ]
        }
      },
      {
        "node_id": "0228100017-M1:3",
        "file_name": "E:\\Phase 1\\New-Assemblies\\PRANA - Assembly Automation\\Assembly 1\\0228100017-M1.ipt",
        "component_type": "kPartDocumentObject",
        "grounded": false,
        "suppressed": false,
        "visible": true,
        "adaptive": false,
        "flexible": false,
        "dof_translation": 0,
        "dof_rotation": 0,
        "fully_constrained": true,
        "transform": {
          "rotation_matrix": [
            [
              0.99999999999999822,
              -1.1102230246307932E-16,
              -3.0695587874508211E-16
            ],
            [
              5.7042369956737185E-16,
              1.8885436622107277E-16,
              0.99999999999999845
            ],
            [
              -5.7646311327425854E-30,
              -1.0000000000000002,
              -2.2439933806639353E-44
            ]
          ],
          "translation_cm": [
            2.4999999999999463,
            84.309999999999988,
            6.8522043750716721E-17
          ]
        }
      },
      {
        "node_id": "0228100017-M1:4",
        "file_name": "E:\\Phase 1\\New-Assemblies\\PRANA - Assembly Automation\\Assembly 1\\0228100017-M1.ipt",
        "component_type": "kPartDocumentObject",
        "grounded": false,
        "suppressed": false,
        "visible": true,
        "adaptive": false,
        "flexible": false,
        "dof_translation": 0,
        "dof_rotation": 0,
        "fully_constrained": true,
        "transform": {
          "rotation_matrix": [
            [
              0.99999999999999822,
              -1.1102230246307932E-16,
              -3.0695587874508211E-16
            ],
            [
              5.7042369956737185E-16,
              1.8885436622107277E-16,
              0.99999999999999845
            ],
            [
              -5.7646311327425854E-30,
              -1.0000000000000002,
              -2.2439933806639353E-44
            ]
          ],
          "translation_cm": [
            23.49999999999994,
            105.31000000000002,
            6.852204375059568E-17
          ]
        }
      },
      {
        "node_id": "0228100017-M1:5",
        "file_name": "E:\\Phase 1\\New-Assemblies\\PRANA - Assembly Automation\\Assembly 1\\0228100017-M1.ipt",
        "component_type": "kPartDocumentObject",
        "grounded": false,
        "suppressed": false,
        "visible": true,
        "adaptive": false,
        "flexible": false,
        "dof_translation": 0,
        "dof_rotation": 0,
        "fully_constrained": true,
        "transform": {
          "rotation_matrix": [
            [
              0.99999999999999822,
              -1.1102230246307932E-16,
              -3.0695587874508211E-16
            ],
            [
              5.7042369956737185E-16,
              1.8885436622107277E-16,
              0.99999999999999845
            ],
            [
              -5.7646311327425854E-30,
              -1.0000000000000002,
              -2.2439933806639353E-44
            ]
          ],
          "translation_cm": [
            23.499999999999947,
            84.31,
            6.852204375059568E-17
          ]
        }
      },
      {
        "node_id": "0298100030:1",
        "file_name": "E:\\Atlas Copco\\Assembly 1\\0298100030.ipt",
        "component_type": "kPartDocumentObject",
        "grounded": false,
        "suppressed": false,
        "visible": true,
        "adaptive": false,
        "flexible": false,
        "dof_translation": 0,
        "dof_rotation": 1,
        "fully_constrained": false,
        "transform": {
          "rotation_matrix": [
            [
              -0.73906125002782763,
              -0.67363823281291157,
              9.9577119141222458E-15
            ],
            [
              0.673638232812911,
              -0.73906125002782708,
              1.3441753467883656E-16
            ],
            [
              9.02313408066433E-15,
              8.2243901926989269E-15,
              0.99999999999999867
            ]
          ],
          "translation_cm": [
            46.849999999999959,
            120.87000000000006,
            -0.07999999999999996
          ]
        }
      },
      {
        "node_id": "0298100030:3",
        "file_name": "E:\\Atlas Copco\\Assembly 1\\0298100030.ipt",
        "component_type": "kPartDocumentObject",
        "grounded": false,
        "suppressed": false,
        "visible": true,
        "adaptive": false,
        "flexible": false,
        "dof_translation": 0,
        "dof_rotation": 1,
        "fully_constrained": false,
        "transform": {
          "rotation_matrix": [
            [
              -0.39970159395126509,
              -0.91664531624441115,
              4.0245584642661925E-16
            ],
            [
              0.9166453162444107,
              -0.39970159395126476,
              -4.8570479547572746E-17
            ],
            [
              -1.3302805874125433E-17,
              -3.0507645908743863E-17,
              1.0000000000000002
            ]
          ],
          "translation_cm": [
            41.449999999999946,
            120.87,
            -0.080000000000000029
          ]
        }
      },
      {
        "node_id": "0298100030:4",
        "file_name": "E:\\Atlas Copco\\Assembly 1\\0298100030.ipt",
        "component_type": "kPartDocumentObject",
        "grounded": false,
        "suppressed": false,
        "visible": true,
        "adaptive": false,
        "flexible": false,
        "dof_translation": 0,
        "dof_rotation": 1,
        "fully_constrained": false,
        "transform": {
          "rotation_matrix": [
            [
              0.96965696571180615,
              -0.24446956629931257,
              -1.1102230246251565E-16
            ],
            [
              0.24446956629931288,
              0.96965696571180515,
              5.2017121608963671E-16
            ],
            [
              -2.2028815939417986E-16,
              5.5538971710924437E-17,
              1.0000000000000018
            ]
          ],
          "translation_cm": [
            36.149999999999942,
            120.87000000000003,
            -0.080000000000000154
          ]
        }
      },
      {
        "node_id": "0298100030:5",
        "file_name": "E:\\Atlas Copco\\Assembly 1\\0298100030.ipt",
        "component_type": "kPartDocumentObject",
        "grounded": false,
        "suppressed": false,
        "visible": true,
        "adaptive": false,
        "flexible": false,
        "dof_translation": 0,
        "dof_rotation": 1,
        "fully_constrained": false,
        "transform": {
          "rotation_matrix": [
            [
              -0.457092875867155,
              0.88941896923300334,
              9.1333191010178854E-16
            ],
            [
              -0.88941896923300345,
              -0.45709287586715386,
              -6.415284763698242E-16
            ],
            [
              -1.9345189944889792E-18,
              3.7642194417834843E-18,
              1.0
            ]
          ],
          "translation_cm": [
            33.949999999999939,
            118.87000000000003,
            -0.080000000000000043
          ]
        }
      },
      {
        "node_id": "0298100030:6",
        "file_name": "E:\\Atlas Copco\\Assembly 1\\0298100030.ipt",
        "component_type": "kPartDocumentObject",
        "grounded": false,
        "suppressed": false,
        "visible": true,
        "adaptive": false,
        "flexible": false,
        "dof_translation": 0,
        "dof_rotation": 1,
        "fully_constrained": false,
        "transform": {
          "rotation_matrix": [
            [
              -0.38735645489767856,
              0.92193002817410319,
              1.1529501103677998E-15
            ],
            [
              -0.921930028174106,
              -0.38735645489767634,
              -5.4171619858773471E-16
            ],
            [
              -1.4516390388126055E-17,
              3.4549821050605314E-17,
              1.0000000000000007
            ]
          ],
          "translation_cm": [
            33.949999999999953,
            115.57000000000004,
            -0.0800000000000001
          ]
        }
      },
      {
        "node_id": "0298100030:7",
        "file_name": "E:\\Atlas Copco\\Assembly 1\\0298100030.ipt",
        "component_type": "kPartDocumentObject",
        "grounded": false,
        "suppressed": false,
        "visible": true,
        "adaptive": false,
        "flexible": false,
        "dof_translation": 0,
        "dof_rotation": 1,
        "fully_constrained": false,
        "transform": {
          "rotation_matrix": [
            [
              -0.99389290844306033,
              -0.11034893088106494,
              -5.2041704279304342E-17
            ],
            [
              0.11034893088106526,
              -0.99389290844305989,
              -7.7715611723760958E-16
            ],
            [
              0.0,
              0.0,
              0.999999999999998
            ]
          ],
          "translation_cm": [
            33.949999999999946,
            112.07000000000004,
            -0.079999999999999877
          ]
        }
      },
      {
        "node_id": "0298100030:8",
        "file_name": "E:\\Atlas Copco\\Assembly 1\\0298100030.ipt",
        "component_type": "kPartDocumentObject",
        "grounded": false,
        "suppressed": false,
        "visible": true,
        "adaptive": false,
        "flexible": false,
        "dof_translation": 0,
        "dof_rotation": 1,
        "fully_constrained": false,
        "transform": {
          "rotation_matrix": [
            [
              0.604109011762415,
              -0.79690168898518277,
              -5.4123372450476411E-16
            ],
            [
              0.79690168898518365,
              0.60410901176241494,
              3.5532839187338879E-16
            ],
            [
              -6.6809820426593918E-18,
              8.8131210927355655E-18,
              1.0000000000000011
            ]
          ],
          "translation_cm": [
            33.949999999999946,
            108.57000000000004,
            -0.0800000000000001
          ]
        }
      },
      {
        "node_id": "0298100030:9",
        "file_name": "E:\\Atlas Copco\\Assembly 1\\0298100030.ipt",
        "component_type": "kPartDocumentObject",
        "grounded": false,
        "suppressed": false,
        "visible": true,
        "adaptive": false,
        "flexible": false,
        "dof_translation": 0,
        "dof_rotation": 1,
        "fully_constrained": false,
        "transform": {
          "rotation_matrix": [
            [
              0.90801445899986044,
              0.41893882876524008,
              1.3880621950637704E-15
            ],
            [
              -0.41893882876523975,
              0.90801445899986077,
              2.2632022419604677E-17
            ],
            [
              -1.9501509363380731E-17,
              -8.9975874402351426E-18,
              0.99999999999999956
            ]
          ],
          "translation_cm": [
            33.949999999999946,
            105.07000000000004,
            -0.08
          ]
        }
      },
      {
        "node_id": "0298100030:10",
        "file_name": "E:\\Atlas Copco\\Assembly 1\\0298100030.ipt",
        "component_type": "kPartDocumentObject",
        "grounded": false,
        "suppressed": false,
        "visible": true,
        "adaptive": false,
        "flexible": false,
        "dof_translation": 0,
        "dof_rotation": 1,
        "fully_constrained": false,
        "transform": {
          "rotation_matrix": [
            [
              0.50929713690963885,
              0.86059074265044511,
              5.5511151231257827E-16
            ],
            [
              -0.86059074265044555,
              0.50929713690963874,
              1.0841675959996446E-16
            ],
            [
              -1.1915766526801176E-17,
              -2.0134804657989787E-17,
              1.0
            ]
          ],
          "translation_cm": [
            33.949999999999939,
            101.57000000000005,
            -0.080000000000000043
          ]
        }
      },
      {
        "node_id": "0298100030:11",
        "file_name": "E:\\Atlas Copco\\Assembly 1\\0298100030.ipt",
        "component_type": "kPartDocumentObject",
        "grounded": false,
        "suppressed": false,
        "visible": true,
        "adaptive": false,
        "flexible": false,
        "dof_translation": 0,
        "dof_rotation": 1,
        "fully_constrained": false,
        "transform": {
          "rotation_matrix": [
            [
              0.89985169198101411,
              0.43619597939332788,
              4.6546207917989773E-16
            ],
            [
              -0.4361959793933276,
              0.89985169198101522,
              2.4213337584188669E-16
            ],
            [
              4.1902221557416742E-17,
              2.0311769965954892E-17,
              0.99999999999999889
            ]
          ],
          "translation_cm": [
            33.949999999999939,
            98.070000000000036,
            -0.07999999999999996
          ]
        }
      },
      {
        "node_id": "0298100030:12",
        "file_name": "E:\\Atlas Copco\\Assembly 1\\0298100030.ipt",
        "component_type": "kPartDocumentObject",
        "grounded": false,
        "suppressed": false,
        "visible": true,
        "adaptive": false,
        "flexible": false,
        "dof_translation": 0,
        "dof_rotation": 1,
        "fully_constrained": false,
        "transform": {
          "rotation_matrix": [
            [
              0.8378804166769962,
              0.54585383331912229,
              -5.5511151231257704E-17
            ],
            [
              -0.54585383331912218,
              0.83788041667699753,
              4.3102838428802248E-17
            ],
            [
              3.9859606134750854E-17,
              2.5967331817508883E-17,
              0.99999999999999989
            ]
          ],
          "translation_cm": [
            33.949999999999946,
            94.570000000000036,
            -0.080000000000000029
          ]
        }
      },
      {
        "node_id": "0298100030:13",
        "file_name": "E:\\Atlas Copco\\Assembly 1\\0298100030.ipt",
        "component_type": "kPartDocumentObject",
        "grounded": false,
        "suppressed": false,
        "visible": true,
        "adaptive": false,
        "flexible": false,
        "dof_translation": 0,
        "dof_rotation": 1,
        "fully_constrained": false,
        "transform": {
          "rotation_matrix": [
            [
              -0.99819820314324947,
              0.060002893610126146,
              1.7011616278787498E-16
            ],
            [
              -0.060002893610125854,
              -0.99819820314324981,
              3.1994936709920941E-17
            ],
            [
              -5.488055176688646E-19,
              3.2989359213113732E-20,
              1.0
            ]
          ],
          "translation_cm": [
            33.949999999999932,
            91.07000000000005,
            -0.080000000000000043
          ]
        }
      },
      {
        "node_id": "0298100030:14",
        "file_name": "E:\\Atlas Copco\\Assembly 1\\0298100030.ipt",
        "component_type": "kPartDocumentObject",
        "grounded": false,
        "suppressed": false,
        "visible": true,
        "adaptive": false,
        "flexible": false,
        "dof_translation": 0,
        "dof_rotation": 0,
        "fully_constrained": true,
        "transform": {
          "rotation_matrix": [
            [
              -0.457092875867155,
              0.88941896923300334,
              9.1333191010178854E-16
            ],
            [
              -0.88941896923300345,
              -0.45709287586715386,
              -6.41528476369824E-16
            ],
            [
              -1.9345189944888039E-18,
              3.7642194417835744E-18,
              1.0
            ]
          ],
          "translation_cm": [
            49.049999999999933,
            118.87000000000002,
            -0.079999999999997518
          ]
        }
      },
      {
        "node_id": "0298100030:15",
        "file_name": "E:\\Atlas Copco\\Assembly 1\\0298100030.ipt",
        "component_type": "kPartDocumentObject",
        "grounded": false,
        "suppressed": false,
        "visible": true,
        "adaptive": false,
        "flexible": false,
        "dof_translation": 0,
        "dof_rotation": 0,
        "fully_constrained": true,
        "transform": {
          "rotation_matrix": [
            [
              -0.38735645489767856,
              0.92193002817410319,
              1.1529501103677998E-15
            ],
            [
              -0.921930028174106,
              -0.38735645489767634,
              -5.4171619858773481E-16
            ],
            [
              -1.4516390388126147E-17,
              3.4549821050605277E-17,
              1.0000000000000007
            ]
          ],
          "translation_cm": [
            49.04999999999994,
            115.57000000000002,
            -0.079999999999997559
          ]
        }
      },
      {
        "node_id": "0298100030:16",
        "file_name": "E:\\Atlas Copco\\Assembly 1\\0298100030.ipt",
        "component_type": "kPartDocumentObject",
        "grounded": false,
        "suppressed": false,
        "visible": true,
        "adaptive": false,
        "flexible": false,
        "dof_translation": 0,
        "dof_rotation": 0,
        "fully_constrained": true,
        "transform": {
          "rotation_matrix": [
            [
              -0.99389290844306033,
              -0.11034893088106494,
              -5.2041704279304342E-17
            ],
            [
              0.11034893088106526,
              -0.99389290844305989,
              -7.7715611723760958E-16
            ],
            [
              0.0,
              0.0,
              0.999999999999998
            ]
          ],
          "translation_cm": [
            49.049999999999955,
            112.07000000000005,
            -0.079999999999997351
          ]
        }
      },
      {
        "node_id": "0298100030:17",
        "file_name": "E:\\Atlas Copco\\Assembly 1\\0298100030.ipt",
        "component_type": "kPartDocumentObject",
        "grounded": false,
        "suppressed": false,
        "visible": true,
        "adaptive": false,
        "flexible": false,
        "dof_translation": 0,
        "dof_rotation": 0,
        "fully_constrained": true,
        "transform": {
          "rotation_matrix": [
            [
              0.604109011762415,
              -0.79690168898518277,
              -5.4123372450476411E-16
            ],
            [
              0.79690168898518365,
              0.60410901176241494,
              3.5532839187338879E-16
            ],
            [
              -6.6809820426593918E-18,
              8.8131210927355655E-18,
              1.0000000000000011
            ]
          ],
          "translation_cm": [
            49.049999999999933,
            108.57000000000005,
            -0.079999999999997629
          ]
        }
      },
      {
        "node_id": "0298100030:18",
        "file_name": "E:\\Atlas Copco\\Assembly 1\\0298100030.ipt",
        "component_type": "kPartDocumentObject",
        "grounded": false,
        "suppressed": false,
        "visible": true,
        "adaptive": false,
        "flexible": false,
        "dof_translation": 0,
        "dof_rotation": 0,
        "fully_constrained": true,
        "transform": {
          "rotation_matrix": [
            [
              0.90801445899986044,
              0.41893882876524008,
              1.3880621950637704E-15
            ],
            [
              -0.41893882876523975,
              0.90801445899986077,
              2.2632022419604677E-17
            ],
            [
              -1.9501509363380691E-17,
              -8.997587440235232E-18,
              0.99999999999999956
            ]
          ],
          "translation_cm": [
            49.049999999999947,
            105.07000000000004,
            -0.079999999999997476
          ]
        }
      },
      {
        "node_id": "0298100030:19",
        "file_name": "E:\\Atlas Copco\\Assembly 1\\0298100030.ipt",
        "component_type": "kPartDocumentObject",
        "grounded": false,
        "suppressed": false,
        "visible": true,
        "adaptive": false,
        "flexible": false,
        "dof_translation": 0,
        "dof_rotation": 0,
        "fully_constrained": true,
        "transform": {
          "rotation_matrix": [
            [
              0.50929713690963885,
              0.86059074265044511,
              5.5511151231257827E-16
            ],
            [
              -0.86059074265044555,
              0.50929713690963874,
              1.0841675959996448E-16
            ],
            [
              -1.1915766526801154E-17,
              -2.01348046579898E-17,
              1.0
            ]
          ],
          "translation_cm": [
            49.049999999999926,
            101.57000000000002,
            -0.0799999999999975
          ]
        }
      },
      {
        "node_id": "0298100030:20",
        "file_name": "E:\\Atlas Copco\\Assembly 1\\0298100030.ipt",
        "component_type": "kPartDocumentObject",
        "grounded": false,
        "suppressed": false,
        "visible": true,
        "adaptive": false,
        "flexible": false,
        "dof_translation": 0,
        "dof_rotation": 0,
        "fully_constrained": true,
        "transform": {
          "rotation_matrix": [
            [
              0.89985169198101411,
              0.43619597939332788,
              4.6546207917989773E-16
            ],
            [
              -0.4361959793933276,
              0.89985169198101522,
              2.4213337584188674E-16
            ],
            [
              4.190222155741676E-17,
              2.0311769965954849E-17,
              0.99999999999999889
            ]
          ],
          "translation_cm": [
            49.04999999999994,
            98.070000000000036,
            -0.079999999999997434
          ]
        }
      },
      {
        "node_id": "0298100030:21",
        "file_name": "E:\\Atlas Copco\\Assembly 1\\0298100030.ipt",
        "component_type": "kPartDocumentObject",
        "grounded": false,
        "suppressed": false,
        "visible": true,
        "adaptive": false,
        "flexible": false,
        "dof_translation": 0,
        "dof_rotation": 0,
        "fully_constrained": true,
        "transform": {
          "rotation_matrix": [
            [
              0.8378804166769962,
              0.54585383331912229,
              -5.55111512312577E-17
            ],
            [
              -0.54585383331912218,
              0.83788041667699753,
              4.310283842880223E-17
            ],
            [
              3.9859606134750847E-17,
              2.5967331817508892E-17,
              0.99999999999999989
            ]
          ],
          "translation_cm": [
            49.04999999999994,
            94.570000000000022,
            -0.0799999999999975
          ]
        }
      },
      {
        "node_id": "0298100030:22",
        "file_name": "E:\\Atlas Copco\\Assembly 1\\0298100030.ipt",
        "component_type": "kPartDocumentObject",
        "grounded": false,
        "suppressed": false,
        "visible": true,
        "adaptive": false,
        "flexible": false,
        "dof_translation": 0,
        "dof_rotation": 0,
        "fully_constrained": true,
        "transform": {
          "rotation_matrix": [
            [
              -0.99819820314324947,
              0.060002893610126146,
              1.7011616278787496E-16
            ],
            [
              -0.060002893610125854,
              -0.99819820314324981,
              3.19949367099209E-17
            ],
            [
              -5.488055176688672E-19,
              3.298935921307067E-20,
              1.0
            ]
          ],
          "translation_cm": [
            49.049999999999955,
            91.07000000000005,
            -0.079999999999997518
          ]
        }
      },
      {
        "node_id": "0298100030:41",
        "file_name": "E:\\Atlas Copco\\Assembly 1\\0298100030.ipt",
        "component_type": "kPartDocumentObject",
        "grounded": false,
        "suppressed": false,
        "visible": true,
        "adaptive": false,
        "flexible": false,
        "dof_translation": 0,
        "dof_rotation": 1,
        "fully_constrained": false,
        "transform": {
          "rotation_matrix": [
            [
              -0.47455967234107876,
              0.88022333381223561,
              2.6025459126768591E-15
            ],
            [
              -0.88022333381223516,
              -0.47455967234108,
              -1.366163705540097E-15
            ],
            [
              3.2021193754386444E-17,
              -5.9393588545120247E-17,
              0.99999999999999789
            ]
          ],
          "translation_cm": [
            80.699999999999974,
            100.47000000000001,
            -0.079999999999999877
          ]
        }
      },
      {
        "node_id": "0298100030:42",
        "file_name": "E:\\Atlas Copco\\Assembly 1\\0298100030.ipt",
        "component_type": "kPartDocumentObject",
        "grounded": false,
        "suppressed": false,
        "visible": true,
        "adaptive": false,
        "flexible": false,
        "dof_translation": 0,
        "dof_rotation": 0,
        "fully_constrained": true,
        "transform": {
          "rotation_matrix": [
            [
              -0.47455967234107876,
              0.88022333381223561,
              2.6025459126768595E-15
            ],
            [
              -0.88022333381223516,
              -0.47455967234108,
              -1.3661637055400974E-15
            ],
            [
              3.20211937543861E-17,
              -5.9393588545120432E-17,
              0.99999999999999789
            ]
          ],
          "translation_cm": [
            74.499999999999972,
            100.47,
            -0.080000000000000973
          ]
        }
      },
      {
        "node_id": "0298100030:43",
        "file_name": "E:\\Atlas Copco\\Assembly 1\\0298100030.ipt",
        "component_type": "kPartDocumentObject",
        "grounded": false,
        "suppressed": false,
        "visible": true,
        "adaptive": false,
        "flexible": false,
        "dof_translation": 0,
        "dof_rotation": 0,
        "fully_constrained": true,
        "transform": {
          "rotation_matrix": [
            [
              -0.47455967234107876,
              0.88022333381223561,
              2.6025459126768595E-15
            ],
            [
              -0.88022333381223516,
              -0.47455967234108,
              -1.3661637055400974E-15
            ],
            [
              3.20211937543861E-17,
              -5.9393588545120432E-17,
              0.99999999999999789
            ]
