{
  "assembly_metadata": {
    "assembly_name": "1094892651-M1.iam",
    "full_file_name": "E:\\Phase 1\\New-Assemblies\\PRANA - Assembly Automation\\Assembly 25\\Workspaces\\1094892651-M1\\1094892651-M1.iam",
    "internal_name": "{4900E319-4D35-181A-7D22-5996454B7A4C}",
    "total_occurrences": 320,
    "total_constraints": 659
  },
  "physics": {
    "mass_kg": 2796.2463704444335,
    "center_of_mass": [
      291.27749712907018,
      104.7322863370425,
      -7.8990892178275942
    ],
    "inertia_tensor": [
      11413731.302373856,
      74872549.516275883,
      85808531.471475378,
      20128.759306228636,
      -11953.528898002625,
      90858.107681633948
    ]
  },
  "assembly_graph": {
    "nodes": [
      {
        "node_id": "1094892651-P48.iam:252",
        "file_name": "E:\\Phase 1\\New-Assemblies\\PRANA - Assembly Automation\\Assembly 25\\Workspaces\\1094892651-M1\\1094892651-P48.iam",
        "component_type": "kAssemblyDocumentObject",
        "grounded": false,
        "suppressed": false,
        "visible": true,
        "adaptive": false,
        "flexible": false,
        "dof_translation": 0,
        "dof_rotation": 0,
        "fully_constrained": true,
        "transform": {
          "rotation_matrix": [
            [
              2.0343062046955315E-13,
              -1.0000000000000002,
              5.1981536720866268E-14
            ],
            [
              0.999999999999999,
              2.0373602784227304E-13,
              -2.6930677058818524E-10
            ],
            [
              2.6930714713221243E-10,
              5.0484410549791961E-14,
              1.0000000000000009
            ]
          ],
          "translation_cm": [
            384.4395445092868,
            141.772798080319,
            12.737593465655754
          ]
        }
      },
      {
        "node_id": "1094892651-P48.iam:252/1094892651-P49.ipt:1",
        "file_name": "E:\\Phase 1\\New-Assemblies\\PRANA - Assembly Automation\\Assembly 25\\Workspaces\\1094892651-M1\\1094892651-P49.ipt",
        "component_type": "kPartDocumentObject",
        "grounded": true,
        "suppressed": false,
        "visible": true,
        "adaptive": false,
        "flexible": false,
        "dof_translation": 0,
        "dof_rotation": 0,
        "fully_constrained": false,
        "transform": {
          "rotation_matrix": [
            [
              2.0343062046955315E-13,
              -1.0000000000000002,
              5.1981536720866268E-14
            ],
            [
              0.999999999999999,
              2.0373602784227304E-13,
              -2.6930677058818524E-10
            ],
            [
              2.6930714713221243E-10,
              5.0484410549791961E-14,
              1.0000000000000009
            ]
          ],
          "translation_cm": [
            387.5999999999737,
            140.49999999688143,
            0.59993594212146029
          ]
        }
      },
      {
        "node_id": "1094892651-P48.iam:252/1094892651-P50.ipt:2",
        "file_name": "E:\\Phase 1\\New-Assemblies\\PRANA - Assembly Automation\\Assembly 25\\Workspaces\\1094892651-M1\\1094892651-P50.ipt",
        "component_type": "kPartDocumentObject",
        "grounded": false,
        "suppressed": false,
        "visible": true,
        "adaptive": false,
        "flexible": false,
        "dof_translation": 0,
        "dof_rotation": 0,
        "fully_constrained": true,
        "transform": {
          "rotation_matrix": [
            [
              2.0168121978560329E-13,
              -4.9542515513643186E-14,
              -1.0000000000000056
            ],
            [
              1.0000000000000013,
              2.6930742343401483E-10,
              2.0340282012747257E-13
            ],
            [
              2.6930979358684654E-10,
              -1.0000000000000095,
              5.04844105497025E-14
            ]
          ],
          "translation_cm": [
            387.84999999997393,
            140.74999999593882,
            4.099935942188802
          ]
        }
      },
      {
        "node_id": "1094892651-P48.iam:252/1094892651-P83.ipt:3",
        "file_name": "E:\\Phase 1\\New-Assemblies\\PRANA - Assembly Automation\\Assembly 25\\Workspaces\\1094892651-M1\\1094892651-P83.ipt",
        "component_type": "kPartDocumentObject",
        "grounded": false,
        "suppressed": false,
        "visible": true,
        "adaptive": false,
        "flexible": false,
        "dof_translation": 0,
        "dof_rotation": 0,
        "fully_constrained": true,
        "transform": {
          "rotation_matrix": [
            [
              -0.9999999999997935,
              5.1950080401824389E-14,
              2.0584606722949858E-13
            ],
            [
              2.0373673952301527E-13,
              -2.6930893722635541E-10,
              0.99999999999980071
            ],
            [
              5.2867200251589255E-14,
              0.9999999999998006,
              2.69307147132159E-10
            ]
          ],
          "translation_cm": [
            390.9999999999751,
            141.49999999216823,
            18.0999359423906
          ]
        }
      },
      {
        "node_id": "1094892651-P48.iam:252/1094892651-P81.ipt:4",
        "file_name": "E:\\Phase 1\\New-Assemblies\\PRANA - Assembly Automation\\Assembly 25\\Workspaces\\1094892651-M1\\1094892651-P81.ipt",
        "component_type": "kPartDocumentObject",
        "grounded": false,
        "suppressed": false,
        "visible": true,
        "adaptive": false,
        "flexible": false,
        "dof_translation": 0,
        "dof_rotation": 0,
        "fully_constrained": true,
        "transform": {
          "rotation_matrix": [
            [
              5.1950080401835187E-14,
              -0.99999999999999623,
              -2.0572360254962396E-13
            ],
            [
              -2.69306893052865E-10,
              2.0602900992235223E-13,
              -0.99999999999999567
            ],
            [
              1.0000000000000002,
              5.045295423137823E-14,
              -2.6930726959689148E-10
            ]
          ],
          "translation_cm": [
            390.59999999997524,
            141.49999999167008,
            19.949935942390628
          ]
        }
      },
      {
        "node_id": "1094892651-P48.iam:252/1094892651-P81.ipt:5",
        "file_name": "E:\\Phase 1\\New-Assemblies\\PRANA - Assembly Automation\\Assembly 25\\Workspaces\\1094892651-M1\\1094892651-P81.ipt",
        "component_type": "kPartDocumentObject",
        "grounded": false,
        "suppressed": false,
        "visible": true,
        "adaptive": false,
        "flexible": false,
        "dof_translation": 0,
        "dof_rotation": 0,
        "fully_constrained": true,
        "transform": {
          "rotation_matrix": [
            [
              5.4364326422674284E-14,
              -0.99999999999999645,
              -2.0596853190945335E-13
            ],
            [
              -2.6930689305286512E-10,
              2.0627393928153152E-13,
              -0.99999999999999523
            ],
            [
              1.0000000000000007,
              5.2867200252283276E-14,
              -2.6930726959689133E-10
            ]
          ],
          "translation_cm": [
            384.59999999997649,
            141.4999999916713,
            19.949935942390944
          ]
        }
      },
      {
        "node_id": "1094892651-P48.iam:252/1094892651-P51.ipt:6",
        "file_name": "E:\\Phase 1\\New-Assemblies\\PRANA - Assembly Automation\\Assembly 25\\Workspaces\\1094892651-M1\\1094892651-P51.ipt",
        "component_type": "kPartDocumentObject",
        "grounded": false,
        "suppressed": false,
        "visible": true,
        "adaptive": false,
        "flexible": false,
        "dof_translation": 0,
        "dof_rotation": 0,
        "fully_constrained": true,
        "transform": {
          "rotation_matrix": [
            [
              2.0370865067999356E-13,
              -0.99999999999999956,
              5.4395782741705308E-14
            ],
            [
              0.99999999999999944,
              2.0373650229593665E-13,
              -2.693067705620287E-10
            ],
            [
              2.6930709159490492E-10,
              5.2787634268168618E-14,
              1.0000000000000002
            ]
          ],
          "translation_cm": [
            387.5999999999737,
            140.99999999701609,
            0.099935942256131227
          ]
        }
      },
      {
        "node_id": "1094892651-P48.iam:252/1094892651-P79.ipt:7",
        "file_name": "E:\\Phase 1\\New-Assemblies\\PRANA - Assembly Automation\\Assembly 25\\Workspaces\\1094892651-M1\\1094892651-P79.ipt",
        "component_type": "kPartDocumentObject",
        "grounded": false,
        "suppressed": false,
        "visible": true,
        "adaptive": false,
        "flexible": false,
        "dof_translation": 0,
        "dof_rotation": 0,
        "fully_constrained": true,
        "transform": {
          "rotation_matrix": [
            [
              2.0340679001811328E-13,
              -0.86602540378441284,
              0.500000000000045
            ],
            [
              0.999999999999999,
              -1.3447721776413671E-10,
              -2.3332879802277047E-10
            ],
            [
              2.6930765194830306E-10,
              0.50000000000004408,
              0.86602540378441417
            ]
          ],
          "translation_cm": [
            390.5999999999737,
            136.54999999270657,
            16.099935941057556
          ]
        }
      },
      {
        "node_id": "1094892651-P48.iam:252/1094892651-P79.ipt:8",
        "file_name": "E:\\Phase 1\\New-Assemblies\\PRANA - Assembly Automation\\Assembly 25\\Workspaces\\1094892651-M1\\1094892651-P79.ipt",
        "component_type": "kPartDocumentObject",
        "grounded": false,
        "suppressed": false,
        "visible": true,
        "adaptive": false,
        "flexible": false,
        "dof_translation": 0,
        "dof_rotation": 0,
        "fully_constrained": true,
        "transform": {
          "rotation_matrix": [
            [
              2.0340679001811328E-13,
              -0.86602540378441284,
              0.50000000000004508
            ],
            [
              0.999999999999999,
              -1.3447721776413673E-10,
              -2.3332879802277047E-10
            ],
            [
              2.6930765194830306E-10,
              0.50000000000004419,
              0.86602540378441417
            ]
          ],
          "translation_cm": [
            384.5999999999737,
            136.5499999927078,
            16.099935941057861
          ]
        }
      },
      {
        "node_id": "1094892651-P48.iam:252/1094892651-P80.ipt:9",
        "file_name": "E:\\Phase 1\\New-Assemblies\\PRANA - Assembly Automation\\Assembly 25\\Workspaces\\1094892651-M1\\1094892651-P80.ipt",
        "component_type": "kPartDocumentObject",
        "grounded": false,
        "suppressed": false,
        "visible": true,
        "adaptive": false,
        "flexible": false,
        "dof_translation": 0,
        "dof_rotation": 0,
        "fully_constrained": true,
        "transform": {
          "rotation_matrix": [
            [
              -2.0276856041559869E-13,
              -0.86602540378441162,
              -0.50000000000004741
            ],
            [
              -0.999999999999999,
              -1.3447778176288918E-10,
              2.3332849843805863E-10
            ],
            [
              -2.6930767449970825E-10,
              0.50000000000004652,
              -0.866025403784413
            ]
          ],
          "translation_cm": [
            390.5999999999741,
            138.70999999270657,
            16.099935941639263
          ]
        }
      },
      {
        "node_id": "1094892651-P48.iam:252/1094892651-P80.ipt:10",
        "file_name": "E:\\Phase 1\\New-Assemblies\\PRANA - Assembly Automation\\Assembly 25\\Workspaces\\1094892651-M1\\1094892651-P80.ipt",
        "component_type": "kPartDocumentObject",
        "grounded": false,
        "suppressed": false,
        "visible": true,
        "adaptive": false,
        "flexible": false,
        "dof_translation": 0,
        "dof_rotation": 0,
        "fully_constrained": true,
        "transform": {
          "rotation_matrix": [
            [
              -2.0276856041559869E-13,
              -0.86602540378441162,
              -0.50000000000004741
            ],
            [
              -0.999999999999999,
              -1.3447778158941681E-10,
              2.3332849813759571E-10
            ],
            [
              -2.6930767415276357E-10,
              0.50000000000004652,
              -0.866025403784413
            ]
          ],
          "translation_cm": [
            384.5999999999741,
            138.6999999927078,
            16.099935941636872
          ]
        }
      },
      {
        "node_id": "1094892651-P48.iam:252/1094892651-P82.ipt:11",
        "file_name": "E:\\Phase 1\\New-Assemblies\\PRANA - Assembly Automation\\Assembly 25\\Workspaces\\1094892651-M1\\1094892651-P82.ipt",
        "component_type": "kPartDocumentObject",
        "grounded": false,
        "suppressed": false,
        "visible": true,
        "adaptive": false,
        "flexible": false,
        "dof_translation": 0,
        "dof_rotation": 0,
        "fully_constrained": true,
        "transform": {
          "rotation_matrix": [
            [
              -2.0307582355595714E-13,
              -1.0000000000000002,
              -5.4546492054956246E-14
            ],
            [
              -0.999999999999999,
              2.0338123092798624E-13,
              2.6930727540427587E-10
            ],
            [
              -2.6930765194830306E-10,
              5.3049365883786494E-14,
              -1.0000000000000009
            ]
          ],
          "translation_cm": [
            384.5999999999741,
            138.6999999927078,
            16.099935941636872
          ]
        }
      },
      {
        "node_id": "1094892651-P48.iam:252/1094892651-P82.ipt:12",
        "file_name": "E:\\Phase 1\\New-Assemblies\\PRANA - Assembly Automation\\Assembly 25\\Workspaces\\1094892651-M1\\1094892651-P82.ipt",
        "component_type": "kPartDocumentObject",
        "grounded": false,
        "suppressed": false,
        "visible": true,
        "adaptive": false,
        "flexible": false,
        "dof_translation": 0,
        "dof_rotation": 0,
        "fully_constrained": true,
        "transform": {
          "rotation_matrix": [
            [
              -2.0307582355595714E-13,
              -1.0000000000000002,
              -5.4301562695126776E-14
            ],
            [
              -0.999999999999999,
              2.033812309280522E-13,
              2.6930727540427587E-10
            ],
            [
              -2.6930765194830306E-10,
              5.2804436523957023E-14,
              -1.0000000000000009
            ]
          ],
          "translation_cm": [
            390.5999999999741,
            138.69999999270658,
            16.09993594163657
          ]
        }
      },
      {
        "node_id": "1094892651-P48.iam:252/1094892651-P78.ipt:13",
        "file_name": "E:\\Phase 1\\New-Assemblies\\PRANA - Assembly Automation\\Assembly 25\\Workspaces\\1094892651-M1\\1094892651-P78.ipt",
        "component_type": "kPartDocumentObject",
        "grounded": false,
        "suppressed": false,
        "visible": true,
        "adaptive": false,
        "flexible": false,
        "dof_translation": 0,
        "dof_rotation": 0,
        "fully_constrained": true,
        "transform": {
          "rotation_matrix": [
            [
              -5.1950080401834834E-14,
              -0.568441815137598,
              -0.82272346678764041
            ],
            [
              2.6930888001193213E-10,
              -0.82272346678764019,
              0.56844181513759562
            ],
            [
              -1.0000000000000013,
              -2.2153760475984266E-10,
              1.5312676514167337E-10
            ]
          ],
          "translation_cm": [
            384.59999999997649,
            141.4999999916713,
            19.949935942390926
          ]
        }
      },
      {
        "node_id": "1094892651-P48.iam:252/1094892651-P78.ipt:14",
        "file_name": "E:\\Phase 1\\New-Assemblies\\PRANA - Assembly Automation\\Assembly 25\\Workspaces\\1094892651-M1\\1094892651-P78.ipt",
        "component_type": "kPartDocumentObject",
        "grounded": false,
        "suppressed": false,
        "visible": true,
        "adaptive": false,
        "flexible": false,
        "dof_translation": 0,
        "dof_rotation": 0,
        "fully_constrained": true,
        "transform": {
          "rotation_matrix": [
            [
              -5.1950080401834828E-14,
              -0.89412467838322407,
              -0.44781810984606124
            ],
            [
              2.6930893552308341E-10,
              -0.44781810984606163,
              0.89412467838322018
            ],
            [
              -1.0000000000000016,
              -1.2055604839785742E-10,
              2.4081589939342824E-10
            ]
          ],
          "translation_cm": [
            390.59999999997524,
            141.49999999167008,
            19.949935942390628
          ]
        }
      },
      {
        "node_id": "1094892651-M9.ipt:1",
        "file_name": "E:\\Phase 1\\New-Assemblies\\PRANA - Assembly Automation\\Assembly 25\\Workspaces\\1094892651-M1\\1094892651-M9.ipt",
        "component_type": "kPartDocumentObject",
        "grounded": false,
        "suppressed": false,
        "visible": true,
        "adaptive": false,
        "flexible": false,
        "dof_translation": 0,
        "dof_rotation": 0,
        "fully_constrained": true,
        "transform": {
          "rotation_matrix": [
            [
              -2.7131975934245679E-15,
              -0.99999999999972566,
              -9.6771456040796678E-16
            ],
            [
              -0.99999999999972566,
              2.7131975931643254E-15,
              2.6932219892081761E-10
            ],
            [
              -2.6932219892081761E-10,
              9.6771456113878981E-16,
              -0.99999999999972566
            ]
          ],
          "translation_cm": [
            435.29999999999,
            25.600000003423833,
            -23.600064088818929
          ]
        }
      },
      {
        "node_id": "1094892651-P19.ipt:2",
        "file_name": "E:\\Phase 1\\New-Assemblies\\PRANA - Assembly Automation\\Assembly 25\\Workspaces\\1094892651-M1\\1094892651-P19.ipt",
        "component_type": "kPartDocumentObject",
        "grounded": false,
        "suppressed": false,
        "visible": true,
        "adaptive": false,
        "flexible": false,
        "dof_translation": 0,
        "dof_rotation": 0,
        "fully_constrained": true,
        "transform": {
          "rotation_matrix": [
            [
              0.99999999999999512,
              -2.0315499055016295E-13,
              1.4075331734458362E-15
            ],
            [
              -2.0129916090382198E-13,
              -1.0000000000000027,
              2.6930432036911762E-10
            ],
            [
              -1.6713821621914238E-15,
              -2.6930485212686265E-10,
              -1.0000000000000104
            ]
          ],
          "translation_cm": [
            572.89999999997758,
            154.9999999941613,
            10.799935946014257
          ]
        }
      },
      {
        "node_id": "1094892651-P19.ipt:3",
        "file_name": "E:\\Phase 1\\New-Assemblies\\PRANA - Assembly Automation\\Assembly 25\\Workspaces\\1094892651-M1\\1094892651-P19.ipt",
        "component_type": "kPartDocumentObject",
        "grounded": false,
        "suppressed": false,
        "visible": true,
        "adaptive": false,
        "flexible": false,
        "dof_translation": 0,
        "dof_rotation": 0,
        "fully_constrained": true,
        "transform": {
          "rotation_matrix": [
            [
              0.99999999999999445,
              -2.0325772931489554E-13,
              -5.3951841007823894E-14
            ],
            [
              -2.0131671569775112E-13,
              -1.0000000000000024,
              2.6930632989515637E-10
            ],
            [
              -5.5809511016440635E-14,
              -2.6930657771709368E-10,
              -1.0000000000000013
            ]
          ],
          "translation_cm": [
            524.5999999999774,
            154.99999999417111,
            10.799935946016403
          ]
        }
      },
      {
        "node_id": "1094892641-M1.iam:4",
        "file_name": "E:\\Phase 1\\New-Assemblies\\PRANA - Assembly Automation\\Assembly 25\\Workspaces\\1094892651-M1\\1094892641-M1.iam",
        "component_type": "kAssemblyDocumentObject",
        "grounded": false,
        "suppressed": false,
        "visible": true,
        "adaptive": false,
        "flexible": false,
        "dof_translation": 0,
        "dof_rotation": 0,
        "fully_constrained": true,
        "transform": {
          "rotation_matrix": [
            [
              0.9999999999999909,
              -2.0135752381269131E-13,
              -5.3884746552097637E-14
            ],
            [
              -2.0136294451581803E-13,
              -0.99999999999999722,
              2.6930604714257375E-10
            ],
            [
              -5.5520371955928641E-14,
              -2.6930777239008447E-10,
              -0.99999999999999944
            ]
          ],
          "translation_cm": [
            524.59999999997785,
            154.99999999320167,
            14.399935946016404
          ]
        }
      },
      {
        "node_id": "1094892641-M1.iam:4/1094892641-M2.ipt:1",
        "file_name": "E:\\Phase 1\\New-Assemblies\\PRANA - Assembly Automation\\Assembly 25\\Workspaces\\1094892651-M1\\1094892641-M2.ipt",
        "component_type": "kPartDocumentObject",
        "grounded": true,
        "suppressed": false,
        "visible": true,
        "adaptive": false,
        "flexible": false,
        "dof_translation": 0,
        "dof_rotation": 0,
        "fully_constrained": false,
        "transform": {
          "rotation_matrix": [
            [
              0.99999999999998845,
              2.0091821603191025E-13,
              5.4084708134284895E-14
            ],
            [
              -2.0136772594488641E-13,
              0.99999999999999523,
              -2.693063298951557E-10
            ],
            [
              -5.5522406971611706E-14,
              2.6930777239008396E-10,
              0.99999999999999845
            ]
          ],
          "translation_cm": [
            524.59999999997763,
            154.99999999417116,
            10.799935946016406
          ]
        }
      },
      {
        "node_id": "1094892641-M1.iam:4/1094892641-M5.ipt:2",
        "file_name": "E:\\Phase 1\\New-Assemblies\\PRANA - Assembly Automation\\Assembly 25\\Workspaces\\1094892651-M1\\1094892641-M5.ipt",
        "component_type": "kPartDocumentObject",
        "grounded": false,
        "suppressed": false,
        "visible": true,
        "adaptive": false,
        "flexible": false,
        "dof_translation": 0,
        "dof_rotation": 0,
        "fully_constrained": true,
        "transform": {
          "rotation_matrix": [
            [
              0.9999999999999899,
              -2.0074690114914727E-13,
              -5.3951841008500036E-14
            ],
            [
              -2.0075232185225592E-13,
              -0.99999999999999623,
              2.6930605111554896E-10
            ],
            [
              -5.558746641216654E-14,
              -2.6930777636305943E-10,
              -0.99999999999999944
            ]
          ],
          "translation_cm": [
            524.59999999997785,
            154.99999999320167,
            14.399935946016404
          ]
        }
      },
      {
        "node_id": "1094892641-M1.iam:4/1094892641-M4.ipt:3",
        "file_name": "E:\\Phase 1\\New-Assemblies\\PRANA - Assembly Automation\\Assembly 25\\Workspaces\\1094892651-M1\\1094892641-M4.ipt",
        "component_type": "kPartDocumentObject",
        "grounded": false,
        "suppressed": false,
        "visible": true,
        "adaptive": false,
        "flexible": false,
        "dof_translation": 0,
        "dof_rotation": 0,
        "fully_constrained": true,
        "transform": {
          "rotation_matrix": [
            [
              0.99999999999998945,
              -2.0180161302254134E-13,
              -5.4073508608446078E-14
            ],
            [
              -2.0041925494486873E-13,
              -0.99999999999999711,
              2.6930594185892416E-10
            ],
            [
              -5.5585800564543976E-14,
              -2.6930777172337214E-10,
              -0.99999999999999922
            ]
          ],
          "translation_cm": [
            524.59999999997785,
            154.99999999330939,
            13.999935946016404
          ]
        }
      },
      {
        "node_id": "1094892641-M1.iam:4/1094892641-M3.ipt:4",
        "file_name": "E:\\Phase 1\\New-Assemblies\\PRANA - Assembly Automation\\Assembly 25\\Workspaces\\1094892651-M1\\1094892641-M3.ipt",
        "component_type": "kPartDocumentObject",
        "grounded": false,
        "suppressed": false,
        "visible": true,
        "adaptive": false,
        "flexible": false,
        "dof_translation": 0,
        "dof_rotation": 0,
        "fully_constrained": true,
        "transform": {
          "rotation_matrix": [
            [
              0.99999999999998734,
              2.0091821603190995E-13,
              5.3950316602178341E-14
            ],
            [
              -2.00923636735019E-13,
              0.99999999999999367,
              -2.6930604714257375E-10
            ],
            [
              -5.5585942005890839E-14,
              2.6930777239008349E-10,
              0.99999999999999944
            ]
          ],
          "translation_cm": [
            524.59999999997763,
            154.99999999406344,
            11.199935946016405
          ]
        }
      },
      {
        "node_id": "1094892641-M1.iam:4/1094892641-P5.ipt:5",
        "file_name": "E:\\Phase 1\\New-Assemblies\\PRANA - Assembly Automation\\Assembly 25\\Workspaces\\1094892651-M1\\1094892641-P5.ipt",
        "component_type": "kPartDocumentObject",
        "grounded": false,
        "suppressed": false,
        "visible": true,
        "adaptive": false,
        "flexible": false,
        "dof_translation": 0,
        "dof_rotation": 0,
        "fully_constrained": true,
        "transform": {
          "rotation_matrix": [
            [
              -5.4075411801867904E-14,
              0.99999999999998179,
              -2.0096894575407116E-13
            ],
            [
              2.6930567826643697E-10,
              -2.0078007742790611E-13,
              -0.99999999999999056
            ],
            [
              -0.99999999999999745,
              -5.5453057845865028E-14,
              -2.6930777636305788E-10
            ]
          ],
          "translation_cm": [
            523.49999999997783,
            154.9999999932019,
            14.399935946016464
          ]
        }
      },
      {
        "node_id": "1094892641-M1.iam:4/1094892641-P5.ipt:6",
        "file_name": "E:\\Phase 1\\New-Assemblies\\PRANA - Assembly Automation\\Assembly 25\\Workspaces\\1094892651-M1\\1094892641-P5.ipt",
        "component_type": "kPartDocumentObject",
        "grounded": false,
        "suppressed": false,
        "visible": true,
        "adaptive": false,
        "flexible": false,
        "dof_translation": 0,
        "dof_rotation": 0,
        "fully_constrained": true,
        "transform": {
          "rotation_matrix": [
            [
              -5.420982036817644E-14,
              0.99999999999998057,
              -2.0071914557353017E-13
            ],
            [
              2.6930567826643697E-10,
              -2.0075232185225405E-13,
              -0.999999999999989
            ],
            [
              -0.99999999999999745,
              -5.5587466412166023E-14,
              -2.6930777636305746E-10
            ]
          ],
          "translation_cm": [
            525.69999999997788,
            154.99999999320144,
            14.399935946016344
          ]
        }
      },
      {
        "node_id": "1094892641-M1.iam:4/1094892641-P6.ipt:7",
        "file_name": "E:\\Phase 1\\New-Assemblies\\PRANA - Assembly Automation\\Assembly 25\\Workspaces\\1094892651-M1\\1094892641-P6.ipt",
        "component_type": "kPartDocumentObject",
        "grounded": false,
        "suppressed": false,
        "visible": true,
        "adaptive": false,
        "flexible": false,
        "dof_translation": 0,
        "dof_rotation": 0,
        "fully_constrained": true,
        "transform": {
          "rotation_matrix": [
            [
              5.3882334760440931E-14,
              -0.99999999999998823,
              -2.0328578331095551E-13
            ],
            [
              -2.6930604771636496E-10,
              2.0329120401408279E-13,
              -0.99999999999999456
            ],
            [
              0.99999999999999944,
              5.5518366830782542E-14,
              -2.6930777239008375E-10
            ]
          ],
          "translation_cm": [
            523.49999999997772,
            154.99999999406367,
            11.199935946016467
          ]
        }
      },
      {
        "node_id": "1094892641-M1.iam:4/1094892641-P6.ipt:8",
        "file_name": "E:\\Phase 1\\New-Assemblies\\PRANA - Assembly Automation\\Assembly 25\\Workspaces\\1094892651-M1\\1094892641-P6.ipt",
        "component_type": "kPartDocumentObject",
        "grounded": false,
        "suppressed": false,
        "visible": true,
        "adaptive": false,
        "flexible": false,
        "dof_translation": 0,
        "dof_rotation": 0,
        "fully_constrained": true,
        "transform": {
          "rotation_matrix": [
            [
              -5.3869208579829867E-14,
              -0.49999999999981443,
              0.8660254037845172
            ],
            [
              2.693060831770617E-10,
              0.86602540378452264,
              0.49999999999981759
            ],
            [
              -0.99999999999999944,
              2.3325512147439361E-10,
              1.3460582326086047E-10
            ]
          ],
          "translation_cm": [
            525.69999999997765,
            154.99999999389087,
            11.839935946016343
          ]
        }
      },
      {
        "node_id": "1094892641-M1.iam:5",
        "file_name": "E:\\Phase 1\\New-Assemblies\\PRANA - Assembly Automation\\Assembly 25\\Workspaces\\1094892651-M1\\1094892641-M1.iam",
        "component_type": "kAssemblyDocumentObject",
        "grounded": false,
        "suppressed": false,
        "visible": true,
        "adaptive": false,
        "flexible": false,
        "dof_translation": 0,
        "dof_rotation": 0,
        "fully_constrained": true,
        "transform": {
          "rotation_matrix": [
            [
              0.99999999999999178,
              -2.011176871730723E-13,
              1.474627629135078E-15
            ],
            [
              -2.0112310789014518E-13,
              -0.99999999999999811,
              2.6930403761653469E-10
            ],
            [
              -1.6099777345087372E-16,
              -2.6930576286403347E-10,
              -1.0000000000000082
            ]
          ],
          "translation_cm": [
            572.89999999997758,
            154.99999999319181,
            14.399935946014287
          ]
        }
      },
      {
        "node_id": "1094892641-M1.iam:5/1094892641-M2.ipt:1",
        "file_name": "E:\\Phase 1\\New-Assemblies\\PRANA - Assembly Automation\\Assembly 25\\Workspaces\\1094892651-M1\\1094892641-M2.ipt",
        "component_type": "kPartDocumentObject",
        "grounded": true,
        "suppressed": false,
        "visible": true,
        "adaptive": false,
        "flexible": false,
        "dof_translation": 0,
        "dof_rotation": 0,
        "fully_constrained": false,
        "transform": {
          "rotation_matrix": [
            [
              0.99999999999998934,
              2.0067837939229124E-13,
              -1.2746660469477593E-15
            ],
            [
              -2.0112788931921355E-13,
              0.99999999999999611,
              -2.6930432036911663E-10
            ],
            [
              -1.6303278913406876E-16,
              2.6930576286403295E-10,
              1.0000000000000071
            ]
          ],
          "translation_cm": [
            572.89999999997758,
            154.9999999941613,
            10.799935946014257
          ]
        }
      },
      {
        "node_id": "1094892641-M1.iam:5/1094892641-M5.ipt:2",
        "file_name": "E:\\Phase 1\\New-Assemblies\\PRANA - Assembly Automation\\Assembly 25\\Workspaces\\1094892651-M1\\1094892641-M5.ipt",
        "component_type": "kPartDocumentObject",
        "grounded": false,
        "suppressed": false,
        "visible": true,
        "adaptive": false,
        "flexible": false,
        "dof_translation": 0,
        "dof_rotation": 0,
        "fully_constrained": true,
        "transform": {
          "rotation_matrix": [
            [
              0.99999999999999079,
              -2.0050706450952826E-13,
              1.4075331727326791E-15
            ],
            [
              -2.0051248522658306E-13,
              -0.99999999999999711,
              2.693040415895099E-10
            ],
            [
              -2.2809222968883033E-16,
              -2.6930576683700842E-10,
              -1.0000000000000082
            ]
          ],
          "translation_cm": [
            572.89999999997758,
            154.99999999319181,
            14.399935946014287
          ]
        }
      },
      {
        "node_id": "1094892641-M1.iam:5/1094892641-M4.ipt:3",
        "file_name": "E:\\Phase 1\\New-Assemblies\\PRANA - Assembly Automation\\Assembly 25\\Workspaces\\1094892651-M1\\1094892641-M4.ipt",
        "component_type": "kPartDocumentObject",
        "grounded": false,
        "suppressed": false,
        "visible": true,
        "adaptive": false,
        "flexible": false,
        "dof_translation": 0,
        "dof_rotation": 0,
        "fully_constrained": true,
        "transform": {
          "rotation_matrix": [
            [
              0.99999999999999034,
              -2.0156177638292233E-13,
              1.2858655727866252E-15
            ],
            [
              -2.0017941831919589E-13,
              -0.999999999999998,
              2.693039323328851E-10
            ],
            [
              -2.2642638206629919E-16,
              -2.6930576219732114E-10,
              -1.000000000000008
            ]
          ],
          "translation_cm": [
            572.89999999997758,
            154.99999999329953,
            13.999935946014283
          ]
        }
      },
      {
        "node_id": "1094892641-M1.iam:5/1094892641-M3.ipt:4",
        "file_name": "E:\\Phase 1\\New-Assemblies\\PRANA - Assembly Automation\\Assembly 25\\Workspaces\\1094892651-M1\\1094892641-M3.ipt",
        "component_type": "kPartDocumentObject",
        "grounded": false,
        "suppressed": false,
        "visible": true,
        "adaptive": false,
        "flexible": false,
        "dof_translation": 0,
        "dof_rotation": 0,
        "fully_constrained": true,
        "transform": {
          "rotation_matrix": [
            [
              0.99999999999998823,
              2.0067837939229094E-13,
              -1.4090575790543726E-15
            ],
            [
              -2.0068380010934615E-13,
              0.99999999999999456,
              -2.6930403761653469E-10
            ],
            [
              -2.2656782341327162E-16,
              2.6930576286403249E-10,
              1.0000000000000082
            ]
          ],
          "translation_cm": [
            572.89999999997758,
            154.99999999405358,
            11.199935946014259
          ]
        }
      },
      {
        "node_id": "1094892641-M1.iam:5/1094892641-P5.ipt:5",
        "file_name": "E:\\Phase 1\\New-Assemblies\\PRANA - Assembly Automation\\Assembly 25\\Workspaces\\1094892651-M1\\1094892641-P5.ipt",
        "component_type": "kPartDocumentObject",
        "grounded": false,
        "suppressed": false,
        "visible": true,
        "adaptive": false,
        "flexible": false,
        "dof_translation": 0,
        "dof_rotation": 0,
        "fully_constrained": true,
        "transform": {
          "rotation_matrix": [
            [
              1.2839623793647019E-15,
              0.99999999999998268,
              -2.0072910911445215E-13
            ],
            [
              2.693036687403979E-10,
              -2.0054024080223325E-13,
              -0.99999999999999145
            ],
            [
              -1.0000000000000062,
              -9.3683663387763251E-17,
              -2.6930576683700687E-10
            ]
          ],
          "translation_cm": [
            571.79999999997756,
            154.99999999319203,
            14.399935946014287
          ]
        }
      },
      {
        "node_id": "1094892641-M1.iam:5/1094892641-P5.ipt:6",
        "file_name": "E:\\Phase 1\\New-Assemblies\\PRANA - Assembly Automation\\Assembly 25\\Workspaces\\1094892651-M1\\1094892641-P5.ipt",
        "component_type": "kPartDocumentObject",
        "grounded": false,
        "suppressed": false,
        "visible": true,
        "adaptive": false,
        "flexible": false,
        "dof_translation": 0,
        "dof_rotation": 0,
        "fully_constrained": true,
        "transform": {
          "rotation_matrix": [
            [
              1.1495538130561635E-15,
              0.99999999999998146,
              -2.0047930893391119E-13
            ],
            [
              2.693036687403979E-10,
              -2.0051248522658119E-13,
              -0.9999999999999899
            ],
            [
              -1.0000000000000062,
              -2.2809222968882821E-16,
              -2.6930576683700646E-10
            ]
          ],
          "translation_cm": [
            573.9999999999776,
            154.99999999319158,
            14.399935946014287
          ]
        }
      },
      {
        "node_id": "1094892641-M1.iam:5/1094892641-P6.ipt:7",
        "file_name": "E:\\Phase 1\\New-Assemblies\\PRANA - Assembly Automation\\Assembly 25\\Workspaces\\1094892651-M1\\1094892641-P6.ipt",
        "component_type": "kPartDocumentObject",
        "grounded": false,
        "suppressed": false,
        "visible": true,
        "adaptive": false,
        "flexible": false,
        "dof_translation": 0,
        "dof_rotation": 0,
        "fully_constrained": true,
        "transform": {
          "rotation_matrix": [
            [
              -1.4770394207917834E-15,
              -0.99999999999998912,
              -2.030459466713365E-13
            ],
            [
              -2.6930403819032589E-10,
              2.0305136738840993E-13,
              -0.99999999999999545
            ],
            [
              1.0000000000000082,
              1.5899264830491113E-16,
              -2.6930576286403274E-10
            ]
          ],
          "translation_cm": [
