{
  "assembly_metadata": {
    "assembly_name": "1625891052.iam",
    "full_file_name": "E:\\Phase 1\\New-Assemblies\\PRANA - Assembly Automation\\Assembly 2\\1625891052.iam",
    "internal_name": "{CDE21751-4E5C-EABD-B49C-33825E9E8377}",
    "total_occurrences": 37,
    "total_constraints": 95
  },
  "physics": {
    "mass_kg": 2.891796363291097,
    "center_of_mass": [
      38.389499402575858,
      2.3310838591108114,
      0.0018146355337426629
    ],
    "inertia_tensor": [
      201.99190859068611,
      1686.3220742635885,
      1488.5437801501471,
      0.53194464999370394,
      0.01558727692145577,
      0.35024678758885164
    ]
  },
  "assembly_graph": {
    "nodes": [
      {
        "node_id": "1625891052-P1:1",
        "file_name": "E:\\Phase 1\\New-Assemblies\\PRANA - Assembly Automation\\Assembly 2\\1625891052-P1.ipt",
        "component_type": "kPartDocumentObject",
        "grounded": true,
        "suppressed": false,
        "visible": true,
        "adaptive": false,
        "flexible": false,
        "dof_translation": 0,
        "dof_rotation": 0,
        "fully_constrained": false,
        "transform": {
          "rotation_matrix": [
            [
              1.0,
              0.0,
              0.0
            ],
            [
              0.0,
              1.0,
              0.0
            ],
            [
              0.0,
              0.0,
              1.0
            ]
          ],
          "translation_cm": [
            0.0,
            0.0,
            0.0
          ]
        }
      },
      {
        "node_id": "0298100086-M1:5",
        "file_name": "E:\\Phase 1\\New-Assemblies\\PRANA - Assembly Automation\\Assembly 2\\0298100086-M1.ipt",
        "component_type": "kPartDocumentObject",
        "grounded": false,
        "suppressed": false,
        "visible": true,
        "adaptive": false,
        "flexible": false,
        "dof_translation": 0,
        "dof_rotation": 0,
        "fully_constrained": true,
        "transform": {
          "rotation_matrix": [
            [
              0.866025403784438,
              0.49999999999999933,
              -3.4936238515914514E-15
            ],
            [
              3.0267437956045196E-15,
              1.7447736677020256E-15,
              1.0
            ],
            [
              0.49999999999999933,
              -0.866025403784438,
              -2.35357771815169E-18
            ]
          ],
          "translation_cm": [
            7.94999999999999,
            2.77000000000003,
            -5.5900000000000025
          ]
        }
      },
      {
        "node_id": "0298100086-M1:6",
        "file_name": "E:\\Phase 1\\New-Assemblies\\PRANA - Assembly Automation\\Assembly 2\\0298100086-M1.ipt",
        "component_type": "kPartDocumentObject",
        "grounded": false,
        "suppressed": false,
        "visible": true,
        "adaptive": false,
        "flexible": false,
        "dof_translation": 0,
        "dof_rotation": 0,
        "fully_constrained": true,
        "transform": {
          "rotation_matrix": [
            [
              0.86602540378443837,
              0.49999999999999467,
              -3.4936238515914486E-15
            ],
            [
              3.0267437956045188E-15,
              1.7447736677020082E-15,
              1.0
            ],
            [
              0.49999999999999467,
              -0.86602540378443837,
              -2.3535777181524477E-18
            ]
          ],
          "translation_cm": [
            19.349999999999909,
            2.7700000000000689,
            -5.589999999999999
          ]
        }
      },
      {
        "node_id": "0298100086-M1:1",
        "file_name": "E:\\Phase 1\\New-Assemblies\\PRANA - Assembly Automation\\Assembly 2\\0298100086-M1.ipt",
        "component_type": "kPartDocumentObject",
        "grounded": false,
        "suppressed": false,
        "visible": true,
        "adaptive": false,
        "flexible": false,
        "dof_translation": 0,
        "dof_rotation": 0,
        "fully_constrained": true,
        "transform": {
          "rotation_matrix": [
            [
              0.86602540378444248,
              0.49999999999999628,
              -3.493623851591453E-15
            ],
            [
              3.0267437956045397E-15,
              1.7447736677020169E-15,
              1.0
            ],
            [
              0.49999999999999628,
              -0.86602540378444248,
              -2.3535777181358816E-18
            ]
          ],
          "translation_cm": [
            7.9499999999999309,
            2.7700000000000293,
            9.3099999999998939
          ]
        }
      },
      {
        "node_id": "0298100086-M1:7",
        "file_name": "E:\\Phase 1\\New-Assemblies\\PRANA - Assembly Automation\\Assembly 2\\0298100086-M1.ipt",
        "component_type": "kPartDocumentObject",
        "grounded": false,
        "suppressed": false,
        "visible": true,
        "adaptive": false,
        "flexible": false,
        "dof_translation": 0,
        "dof_rotation": 0,
        "fully_constrained": true,
        "transform": {
          "rotation_matrix": [
            [
              0.86602540378444248,
              0.49999999999999628,
              -3.493623851591453E-15
            ],
            [
              3.02674379560454E-15,
              1.7447736677020169E-15,
              1.0
            ],
            [
              0.49999999999999628,
              -0.86602540378444248,
              -2.3535777181364324E-18
            ]
          ],
          "translation_cm": [
            19.349999999999934,
            2.7700000000000298,
            9.3099999999998815
          ]
        }
      },
      {
        "node_id": "0298100031-M1-00:1",
        "file_name": "E:\\Phase 1\\New-Assemblies\\PRANA - Assembly Automation\\Assembly 2\\0298100031-M1-00.ipt",
        "component_type": "kPartDocumentObject",
        "grounded": false,
        "suppressed": false,
        "visible": true,
        "adaptive": false,
        "flexible": false,
        "dof_translation": 0,
        "dof_rotation": 0,
        "fully_constrained": true,
        "transform": {
          "rotation_matrix": [
            [
              0.8660254037844427,
              -0.49999999999999217,
              -3.4936238515914561E-15
            ],
            [
              3.0243902178863724E-15,
              -1.7488501838894047E-15,
              1.0
            ],
            [
              -0.49999999999999217,
              -0.8660254037844427,
              -2.3535777181557714E-18
            ]
          ],
          "translation_cm": [
            7.499999999999952,
            2.7900000000000009,
            5.9499999999999353
          ]
        }
      },
      {
        "node_id": "0298100031-M1-00:2",
        "file_name": "E:\\Phase 1\\New-Assemblies\\PRANA - Assembly Automation\\Assembly 2\\0298100031-M1-00.ipt",
        "component_type": "kPartDocumentObject",
        "grounded": false,
        "suppressed": false,
        "visible": true,
        "adaptive": false,
        "flexible": false,
        "dof_translation": 0,
        "dof_rotation": 0,
        "fully_constrained": true,
        "transform": {
          "rotation_matrix": [
            [
              0.8660254037844427,
              -0.49999999999999217,
              -3.4936238515914561E-15
            ],
            [
              3.0243902178863724E-15,
              -1.7488501838894047E-15,
              1.0
            ],
            [
              -0.49999999999999217,
              -0.8660254037844427,
              -2.3535777181557714E-18
            ]
          ],
          "translation_cm": [
            7.4999999999999627,
            2.7900000000000009,
            -1.2500000000000462
          ]
        }
      },
      {
        "node_id": "0298100031-M1-00:3",
        "file_name": "E:\\Phase 1\\New-Assemblies\\PRANA - Assembly Automation\\Assembly 2\\0298100031-M1-00.ipt",
        "component_type": "kPartDocumentObject",
        "grounded": false,
        "suppressed": false,
        "visible": true,
        "adaptive": false,
        "flexible": false,
        "dof_translation": 0,
        "dof_rotation": 0,
        "fully_constrained": true,
        "transform": {
          "rotation_matrix": [
            [
              0.8660254037844427,
              -0.49999999999999217,
              -3.4936238515914561E-15
            ],
            [
              3.0243902178863724E-15,
              -1.7488501838894047E-15,
              1.0
            ],
            [
              -0.49999999999999217,
              -0.8660254037844427,
              -2.3535777181557714E-18
            ]
          ],
          "translation_cm": [
            19.799999999999972,
            2.79,
            -1.2500000000000284
          ]
        }
      },
      {
        "node_id": "0298100031-M1-00:4",
        "file_name": "E:\\Phase 1\\New-Assemblies\\PRANA - Assembly Automation\\Assembly 2\\0298100031-M1-00.ipt",
        "component_type": "kPartDocumentObject",
        "grounded": false,
        "suppressed": false,
        "visible": true,
        "adaptive": false,
        "flexible": false,
        "dof_translation": 0,
        "dof_rotation": 0,
        "fully_constrained": true,
        "transform": {
          "rotation_matrix": [
            [
              0.8660254037844427,
              -0.49999999999999217,
              -3.4936238515914561E-15
            ],
            [
              3.0243902178863724E-15,
              -1.7488501838894047E-15,
              1.0
            ],
            [
              -0.49999999999999217,
              -0.8660254037844427,
              -2.3535777181557714E-18
            ]
          ],
          "translation_cm": [
            19.799999999999962,
            2.79,
            5.94999999999995
          ]
        }
      },
      {
        "node_id": "0129327042-M2:2",
        "file_name": "E:\\Phase 1\\New-Assemblies\\PRANA - Assembly Automation\\Assembly 2\\0129327042-M2.ipt",
        "component_type": "kPartDocumentObject",
        "grounded": false,
        "suppressed": false,
        "visible": true,
        "adaptive": false,
        "flexible": false,
        "dof_translation": 0,
        "dof_rotation": 1,
        "fully_constrained": false,
        "transform": {
          "rotation_matrix": [
            [
              -1.0,
              1.6518267672340052E-15,
              -1.3809075792191703E-16
            ],
            [
              -1.4779751173595282E-15,
              -0.99664111236821418,
              0.081893181263450021
            ],
            [
              1.4998255450796966E-16,
              0.081893181263450007,
              0.99664111236821462
            ]
          ],
          "translation_cm": [
            2.8499999999999943,
            1.3499999999999941,
            -11.350000000000007
          ]
        }
      },
      {
        "node_id": "0129327042-M2:4",
        "file_name": "E:\\Phase 1\\New-Assemblies\\PRANA - Assembly Automation\\Assembly 2\\0129327042-M2.ipt",
        "component_type": "kPartDocumentObject",
        "grounded": false,
        "suppressed": false,
        "visible": true,
        "adaptive": false,
        "flexible": false,
        "dof_translation": 0,
        "dof_rotation": 1,
        "fully_constrained": false,
        "transform": {
          "rotation_matrix": [
            [
              1.0,
              -9.00794387563486E-15,
              -2.353577717946622E-18
            ],
            [
              8.8414104219418791E-15,
              0.99999999999999978,
              -2.3257911748711158E-14
            ],
            [
              1.688870314119342E-16,
              2.3285667324328005E-14,
              0.99999999999999989
            ]
          ],
          "translation_cm": [
            73.449999999999847,
            1.3500000000003816,
            -11.35000000000001
          ]
        }
      },
      {
        "node_id": "0129327042-M2:6",
        "file_name": "E:\\Phase 1\\New-Assemblies\\PRANA - Assembly Automation\\Assembly 2\\0129327042-M2.ipt",
        "component_type": "kPartDocumentObject",
        "grounded": false,
        "suppressed": false,
        "visible": true,
        "adaptive": false,
        "flexible": false,
        "dof_translation": 0,
        "dof_rotation": 0,
        "fully_constrained": true,
        "transform": {
          "rotation_matrix": [
            [
              -1.0,
              1.6518267672340052E-15,
              -1.3809075792191706E-16
            ],
            [
              -1.4779751173595282E-15,
              -0.99664111236821418,
              0.081893181263450021
            ],
            [
              1.4998255450796964E-16,
              0.081893181263450007,
              0.99664111236821462
            ]
          ],
          "translation_cm": [
            2.8499999999999943,
            1.3499999999999941,
            11.35
          ]
        }
      },
      {
        "node_id": "0129327042-M2:8",
        "file_name": "E:\\Phase 1\\New-Assemblies\\PRANA - Assembly Automation\\Assembly 2\\0129327042-M2.ipt",
        "component_type": "kPartDocumentObject",
        "grounded": false,
        "suppressed": false,
        "visible": true,
        "adaptive": false,
        "flexible": false,
        "dof_translation": 0,
        "dof_rotation": 0,
        "fully_constrained": true,
        "transform": {
          "rotation_matrix": [
            [
              1.0,
              -9.00794387563486E-15,
              -2.3535777179465738E-18
            ],
            [
              8.8414104219418791E-15,
              0.99999999999999978,
              -2.3257911748711158E-14
            ],
            [
              1.6888703141193415E-16,
              2.3285667324328005E-14,
              0.99999999999999989
            ]
          ],
          "translation_cm": [
            73.449999999999847,
            1.3500000000003698,
            11.350000000000087
          ]
        }
      },
      {
        "node_id": "0298100051-M1:1",
        "file_name": "E:\\Phase 1\\New-Assemblies\\PRANA - Assembly Automation\\Assembly 2\\0298100051-M1.ipt",
        "component_type": "kPartDocumentObject",
        "grounded": false,
        "suppressed": false,
        "visible": true,
        "adaptive": false,
        "flexible": false,
        "dof_translation": 0,
        "dof_rotation": 0,
        "fully_constrained": true,
        "transform": {
          "rotation_matrix": [
            [
              0.86602540378443227,
              0.49999999999999706,
              5.5511151231253408E-17
            ],
            [
              5.8541611030541723E-16,
              3.3527247141450474E-16,
              0.99999999999999911
            ],
            [
              0.49999999999999806,
              -0.86602540378443216,
              -3.4493995128814192E-16
            ]
          ],
          "translation_cm": [
            52.142499999999963,
            2.7700000000000364,
            -8.9299999999999
          ]
        }
      },
      {
        "node_id": "0298100051-M1:2",
        "file_name": "E:\\Phase 1\\New-Assemblies\\PRANA - Assembly Automation\\Assembly 2\\0298100051-M1.ipt",
        "component_type": "kPartDocumentObject",
        "grounded": false,
        "suppressed": false,
        "visible": true,
        "adaptive": false,
        "flexible": false,
        "dof_translation": 0,
        "dof_rotation": 0,
        "fully_constrained": true,
        "transform": {
          "rotation_matrix": [
            [
              0.86602540378443482,
              0.49999999999998945,
              5.5511151231250604E-17
            ],
            [
              5.8541611030542E-16,
              3.3527247141449971E-16,
              0.99999999999999911
            ],
            [
              0.49999999999999045,
              -0.86602540378443471,
              -3.4493995128814749E-16
            ]
          ],
          "translation_cm": [
            47.850000000000179,
            2.7700000000000338,
            8.8499999999997243
          ]
        }
      },
      {
        "node_id": "0298100051-M1:3",
        "file_name": "E:\\Phase 1\\New-Assemblies\\PRANA - Assembly Automation\\Assembly 2\\0298100051-M1.ipt",
        "component_type": "kPartDocumentObject",
        "grounded": false,
        "suppressed": false,
        "visible": true,
        "adaptive": false,
        "flexible": false,
        "dof_translation": 0,
        "dof_rotation": 0,
        "fully_constrained": true,
        "transform": {
          "rotation_matrix": [
            [
              0.86602540378439474,
              0.50000000000006184,
              5.5511151231279163E-17
            ],
            [
              5.85416110305392E-16,
              3.3527247141454842E-16,
              0.99999999999999911
            ],
            [
              0.50000000000006284,
              -0.86602540378439463,
              -3.4493995128808734E-16
            ]
          ],
          "translation_cm": [
            47.84999999999971,
            2.7700000000000329,
            -8.92999999999951
          ]
        }
      },
      {
        "node_id": "0298100051-M1:4",
        "file_name": "E:\\Phase 1\\New-Assemblies\\PRANA - Assembly Automation\\Assembly 2\\0298100051-M1.ipt",
        "component_type": "kPartDocumentObject",
        "grounded": false,
        "suppressed": false,
        "visible": true,
        "adaptive": false,
        "flexible": false,
        "dof_translation": 0,
        "dof_rotation": 0,
        "fully_constrained": true,
        "transform": {
          "rotation_matrix": [
            [
              0.86602540378443327,
              0.4999999999999975,
              5.5511151231253457E-17
            ],
            [
              5.8541611030541723E-16,
              3.3527247141450454E-16,
              0.99999999999999911
            ],
            [
              0.4999999999999985,
              -0.86602540378443316,
              -3.4493995128814261E-16
            ]
          ],
          "translation_cm": [
            52.142499999999949,
            2.7700000000000364,
            8.8500000000000973
          ]
        }
      },
      {
        "node_id": "0298100030:1",
        "file_name": "E:\\Atlas Copco\\Assembly 1\\0298100030.ipt",
        "component_type": "kPartDocumentObject",
        "grounded": false,
        "suppressed": false,
        "visible": true,
        "adaptive": false,
        "flexible": false,
        "dof_translation": 0,
        "dof_rotation": 0,
        "fully_constrained": true,
        "transform": {
          "rotation_matrix": [
            [
              0.86602540378443549,
              -0.50000000000000155,
              5.7537341237882374E-17
            ],
            [
              -5.1005588037298082E-17,
              2.6730412525237175E-17,
              1.0
            ],
            [
              -0.50000000000000155,
              -0.86602540378443549,
              -2.3535777181560823E-18
            ]
          ],
          "translation_cm": [
            49.8500000000001,
            2.7699999999999996,
            -4.6750000000001508
          ]
        }
      },
      {
        "node_id": "0298100030:2",
        "file_name": "E:\\Atlas Copco\\Assembly 1\\0298100030.ipt",
        "component_type": "kPartDocumentObject",
        "grounded": false,
        "suppressed": false,
        "visible": true,
        "adaptive": false,
        "flexible": false,
        "dof_translation": 0,
        "dof_rotation": 0,
        "fully_constrained": true,
        "transform": {
          "rotation_matrix": [
            [
              0.866025403784434,
              -0.50000000000000366,
              5.75373412378824E-17
            ],
            [
              -5.1005588037297971E-17,
              2.6730412525237264E-17,
              1.0
            ],
            [
              -0.50000000000000366,
              -0.866025403784434,
              -2.3535777181561042E-18
            ]
          ],
          "translation_cm": [
            49.850000000000158,
            2.7699999999999996,
            4.8499999999997216
          ]
        }
      },
      {
        "node_id": "0298100051-M1:6",
        "file_name": "E:\\Phase 1\\New-Assemblies\\PRANA - Assembly Automation\\Assembly 2\\0298100051-M1.ipt",
        "component_type": "kPartDocumentObject",
        "grounded": false,
        "suppressed": false,
        "visible": true,
        "adaptive": false,
        "flexible": false,
        "dof_translation": 0,
        "dof_rotation": 0,
        "fully_constrained": true,
        "transform": {
          "rotation_matrix": [
            [
              0.86602540378443393,
              0.49999999999999317,
              5.5511151231251966E-17
            ],
            [
              5.8541611030541851E-16,
              3.3527247141450197E-16,
              0.99999999999999911
            ],
            [
              0.49999999999999417,
              -0.86602540378443382,
              -3.4493995128814512E-16
            ]
          ],
          "translation_cm": [
            55.850000000000009,
            2.7700000000000391,
            8.850000000000021
          ]
        }
      },
      {
        "node_id": "0298100051-M1:7",
        "file_name": "E:\\Phase 1\\New-Assemblies\\PRANA - Assembly Automation\\Assembly 2\\0298100051-M1.ipt",
        "component_type": "kPartDocumentObject",
        "grounded": false,
        "suppressed": false,
        "visible": true,
        "adaptive": false,
        "flexible": false,
        "dof_translation": 0,
        "dof_rotation": 0,
        "fully_constrained": true,
        "transform": {
          "rotation_matrix": [
            [
              0.86602540378443538,
              0.49999999999999239,
              5.5511151231251547E-17
            ],
            [
              5.85416110305419E-16,
              3.3527247141450119E-16,
              0.99999999999999911
            ],
            [
              0.49999999999999339,
              -0.86602540378443527,
              -3.4493995128814645E-16
            ]
          ],
          "translation_cm": [
            55.849999999999959,
            2.7700000000000391,
            1.8500000000001093
          ]
        }
      },
      {
        "node_id": "0298100051-M1:10",
        "file_name": "E:\\Phase 1\\New-Assemblies\\PRANA - Assembly Automation\\Assembly 2\\0298100051-M1.ipt",
        "component_type": "kPartDocumentObject",
        "grounded": false,
        "suppressed": false,
        "visible": true,
        "adaptive": false,
        "flexible": false,
        "dof_translation": 0,
        "dof_rotation": 0,
        "fully_constrained": true,
        "transform": {
          "rotation_matrix": [
            [
              0.86602540378443282,
              0.49999999999999534,
              5.5511151231252755E-17
            ],
            [
              5.8541611030541752E-16,
              3.3527247141450345E-16,
              0.99999999999999911
            ],
            [
              0.49999999999999634,
              -0.86602540378443271,
              -3.4493995128814325E-16
            ]
          ],
          "translation_cm": [
            58.350000000000009,
            2.7700000000000409,
            5.8499999999999908
          ]
        }
      },
      {
        "node_id": "0298100051-M1:11",
        "file_name": "E:\\Phase 1\\New-Assemblies\\PRANA - Assembly Automation\\Assembly 2\\0298100051-M1.ipt",
        "component_type": "kPartDocumentObject",
        "grounded": false,
        "suppressed": false,
        "visible": true,
        "adaptive": false,
        "flexible": false,
        "dof_translation": 0,
        "dof_rotation": 0,
        "fully_constrained": true,
        "transform": {
          "rotation_matrix": [
            [
              0.8660254037844296,
              0.50000000000000222,
              5.5511151231255411E-17
            ],
            [
              5.8541611030541526E-16,
              3.3527247141450774E-16,
              0.99999999999999911
            ],
            [
              0.50000000000000322,
              -0.86602540378442949,
              -3.4493995128813827E-16
            ]
          ],
          "translation_cm": [
            58.349999999999937,
            2.7700000000000409,
            -1.1499999999998747
          ]
        }
      },
      {
        "node_id": "0298100051-M1:12",
        "file_name": "E:\\Phase 1\\New-Assemblies\\PRANA - Assembly Automation\\Assembly 2\\0298100051-M1.ipt",
        "component_type": "kPartDocumentObject",
        "grounded": false,
        "suppressed": false,
        "visible": true,
        "adaptive": false,
        "flexible": false,
        "dof_translation": 0,
        "dof_rotation": 0,
        "fully_constrained": true,
        "transform": {
          "rotation_matrix": [
            [
              0.86602540378443382,
              0.4999999999999955,
              5.5511151231252669E-17
            ],
            [
              5.8541611030541772E-16,
              3.3527247141450336E-16,
              0.99999999999999911
            ],
            [
              0.4999999999999965,
              -0.86602540378443371,
              -3.4493995128814384E-16
            ]
          ],
          "translation_cm": [
            55.849999999999845,
            2.7700000000000378,
            -5.14999999999971
          ]
        }
      },
      {
        "node_id": "0298100051-M1:13",
        "file_name": "E:\\Phase 1\\New-Assemblies\\PRANA - Assembly Automation\\Assembly 2\\0298100051-M1.ipt",
        "component_type": "kPartDocumentObject",
        "grounded": false,
        "suppressed": false,
        "visible": true,
        "adaptive": false,
        "flexible": false,
        "dof_translation": 0,
        "dof_rotation": 0,
        "fully_constrained": true,
        "transform": {
          "rotation_matrix": [
            [
              0.86602540378443726,
              0.49999999999998918,
              5.5511151231250247E-17
            ],
            [
              5.8541611030542009E-16,
              3.3527247141449907E-16,
              0.99999999999999911
            ],
            [
              0.49999999999999017,
              -0.86602540378443715,
              -3.4493995128814907E-16
            ]
          ],
          "translation_cm": [
            58.350000000000058,
            2.7700000000000404,
            -8.1500000000001087
          ]
        }
      },
      {
        "node_id": "0298100030:3",
        "file_name": "E:\\Atlas Copco\\Assembly 1\\0298100030.ipt",
        "component_type": "kPartDocumentObject",
        "grounded": false,
        "suppressed": false,
        "visible": true,
        "adaptive": false,
        "flexible": false,
        "dof_translation": 0,
        "dof_rotation": 0,
        "fully_constrained": true,
        "transform": {
          "rotation_matrix": [
            [
              0.86602540378443971,
              -0.49999999999999595,
              5.7537341237882386E-17
            ],
            [
              -5.1005588037298248E-17,
              2.6730412525236777E-17,
              1.0
            ],
            [
              -0.49999999999999595,
              -0.86602540378443971,
              -2.3535777181561636E-18
            ]
          ],
          "translation_cm": [
            45.849999999999874,
            2.7699999999999987,
            3.8500000000001844
          ]
        }
      },
      {
        "node_id": "0298100030:4",
        "file_name": "E:\\Atlas Copco\\Assembly 1\\0298100030.ipt",
        "component_type": "kPartDocumentObject",
        "grounded": false,
        "suppressed": false,
        "visible": true,
        "adaptive": false,
        "flexible": false,
        "dof_translation": 0,
        "dof_rotation": 0,
        "fully_constrained": true,
        "transform": {
          "rotation_matrix": [
            [
              0.86602540378443393,
              -0.50000000000000644,
              5.7537341237882374E-17
            ],
            [
              -5.1005588037297946E-17,
              2.67304125252374E-17,
              1.0
            ],
            [
              -0.50000000000000644,
              -0.86602540378443393,
              -2.3535777181561597E-18
            ]
          ],
          "translation_cm": [
            53.139800000000037,
            2.7699999999999982,
            3.8499999999999415
          ]
        }
      },
      {
        "node_id": "0298100030:5",
        "file_name": "E:\\Atlas Copco\\Assembly 1\\0298100030.ipt",
        "component_type": "kPartDocumentObject",
        "grounded": false,
        "suppressed": false,
        "visible": true,
        "adaptive": false,
        "flexible": false,
        "dof_translation": 0,
        "dof_rotation": 0,
        "fully_constrained": true,
        "transform": {
          "rotation_matrix": [
            [
              0.86602540378443793,
              -0.49999999999999883,
              5.7537341237882325E-17
            ],
            [
              -5.1005588037298187E-17,
              2.6730412525236981E-17,
              1.0
            ],
            [
              -0.49999999999999883,
              -0.86602540378443793,
              -2.3535777181561905E-18
            ]
          ],
          "translation_cm": [
            45.850000000000009,
            2.7699999999999987,
            0.040000000000025626
          ]
        }
      },
      {
        "node_id": "0298100030:8",
        "file_name": "E:\\Atlas Copco\\Assembly 1\\0298100030.ipt",
        "component_type": "kPartDocumentObject",
        "grounded": false,
        "suppressed": false,
        "visible": true,
        "adaptive": false,
        "flexible": false,
        "dof_translation": 0,
        "dof_rotation": 0,
        "fully_constrained": true,
        "transform": {
          "rotation_matrix": [
            [
              0.86602540378443682,
              -0.500000000000001,
              5.75373412378824E-17
            ],
            [
              -5.10055880372981E-17,
              2.6730412525237082E-17,
              1.0
            ],
            [
              -0.500000000000001,
              -0.86602540378443682,
              -2.3535777181562071E-18
            ]
          ],
          "translation_cm": [
            53.139799999999937,
            2.7699999999999991,
            0.040000000000075031
          ]
        }
      },
      {
        "node_id": "0298100030:9",
        "file_name": "E:\\Atlas Copco\\Assembly 1\\0298100030.ipt",
        "component_type": "kPartDocumentObject",
        "grounded": false,
        "suppressed": false,
        "visible": true,
        "adaptive": false,
        "flexible": false,
        "dof_translation": 0,
        "dof_rotation": 0,
        "fully_constrained": true,
        "transform": {
          "rotation_matrix": [
            [
              0.86602540378443582,
              -0.50000000000000067,
              5.7537341237882325E-17
            ],
            [
              -5.1005588037298064E-17,
              2.6730412525237095E-17,
              1.0
            ],
            [
              -0.50000000000000067,
              -0.86602540378443582,
              -2.3535777181561913E-18
            ]
          ],
          "translation_cm": [
            60.429599999999922,
            2.7699999999999978,
            0.040000000000091573
          ]
        }
      },
      {
        "node_id": "0298100030:10",
        "file_name": "E:\\Atlas Copco\\Assembly 1\\0298100030.ipt",
        "component_type": "kPartDocumentObject",
        "grounded": false,
        "suppressed": false,
        "visible": true,
        "adaptive": false,
        "flexible": false,
        "dof_translation": 0,
        "dof_rotation": 0,
        "fully_constrained": true,
        "transform": {
          "rotation_matrix": [
            [
              0.86602540378443782,
              -0.49999999999999928,
              5.7537341237882325E-17
            ],
            [
              -5.1005588037298156E-17,
              2.673041252523699E-17,
              1.0
            ],
            [
              -0.49999999999999928,
              -0.86602540378443782,
              -2.3535777181561643E-18
            ]
          ],
          "translation_cm": [
            60.429600000000015,
            2.7699999999999978,
            3.8500000000000147
          ]
        }
      },
      {
        "node_id": "0298100086-M1:8",
        "file_name": "E:\\Phase 1\\New-Assemblies\\PRANA - Assembly Automation\\Assembly 2\\0298100086-M1.ipt",
        "component_type": "kPartDocumentObject",
        "grounded": false,
        "suppressed": false,
        "visible": true,
        "adaptive": false,
        "flexible": false,
        "dof_translation": 0,
        "dof_rotation": 0,
        "fully_constrained": true,
        "transform": {
          "rotation_matrix": [
            [
              0.86602540378443638,
              0.49999999999999883,
              -3.4936238515914506E-15
            ],
            [
              3.0267437956045128E-15,
              1.744773667702023E-15,
              1.0
            ],
            [
              0.49999999999999883,
              -0.86602540378443638,
              -2.3535777181510733E-18
            ]
          ],
          "translation_cm": [
            38.44999999999979,
            2.7700000000001359,
            8.3500000000003585
          ]
        }
      },
      {
        "node_id": "0298100086-M1:9",
        "file_name": "E:\\Phase 1\\New-Assemblies\\PRANA - Assembly Automation\\Assembly 2\\0298100086-M1.ipt",
        "component_type": "kPartDocumentObject",
        "grounded": false,
        "suppressed": false,
        "visible": true,
        "adaptive": false,
        "flexible": false,
        "dof_translation": 0,
        "dof_rotation": 0,
        "fully_constrained": true,
        "transform": {
          "rotation_matrix": [
            [
              0.86602540378444293,
              0.49999999999998734,
              -3.493623851591451E-15
            ],
            [
              3.0267437956045381E-15,
              1.744773667701984E-15,
              1.0
            ],
            [
              0.49999999999998734,
              -0.86602540378444293,
              -2.3535777181504343E-18
            ]
          ],
          "translation_cm": [
            63.450000000000443,
            2.770000000000223,
            -9.6500000000008139
          ]
        }
      },
      {
        "node_id": "0298100086-M1:10",
        "file_name": "E:\\Phase 1\\New-Assemblies\\PRANA - Assembly Automation\\Assembly 2\\0298100086-M1.ipt",
        "component_type": "kPartDocumentObject",
        "grounded": false,
        "suppressed": false,
        "visible": true,
        "adaptive": false,
        "flexible": false,
        "dof_translation": 0,
        "dof_rotation": 0,
        "fully_constrained": true,
        "transform": {
          "rotation_matrix": [
            [
              0.86602540378443638,
              0.49999999999999667,
              -3.4936238515914478E-15
            ],
            [
              3.0267437956045156E-15,
              1.7447736677020181E-15,
              1.0
            ],
            [
              0.49999999999999667,
              -0.86602540378443638,
              -2.3535777181502883E-18
            ]
          ],
          "translation_cm": [
            63.450000000000138,
            2.770000000000223,
            8.3499999999997652
          ]
        }
      },
      {
        "node_id": "0298100086-M1:11",
        "file_name": "E:\\Phase 1\\New-Assemblies\\PRANA - Assembly Automation\\Assembly 2\\0298100086-M1.ipt",
        "component_type": "kPartDocumentObject",
        "grounded": false,
        "suppressed": false,
        "visible": true,
        "adaptive": false,
        "flexible": false,
        "dof_translation": 0,
        "dof_rotation": 0,
        "fully_constrained": true,
        "transform": {
          "rotation_matrix": [
            [
              0.86602540378444293,
              0.49999999999998729,
              -3.4936238515914506E-15
            ],
            [
              3.0267437956045377E-15,
              1.744773667701984E-15,
              1.0
            ],
            [
              0.49999999999998729,
              -0.86602540378444293,
              -2.3535777181504212E-18
            ]
          ],
          "translation_cm": [
            38.450000000000259,
            2.7700000000001355,
            -9.6500000000004924
          ]
        }
      },
      {
        "node_id": "0298100086-M1:12",
        "file_name": "E:\\Phase 1\\New-Assemblies\\PRANA - Assembly Automation\\Assembly 2\\0298100086-M1.ipt",
        "component_type": "kPartDocumentObject",
        "grounded": false,
        "suppressed": false,
        "visible": true,
        "adaptive": false,
        "flexible": false,
        "dof_translation": 0,
        "dof_rotation": 0,
        "fully_constrained": true,
        "transform": {
          "rotation_matrix": [
            [
              0.86602540378443593,
              0.49999999999999745,
              -3.4936238515914482E-15
            ],
            [
              3.0267437956045164E-15,
              1.7447736677020205E-15,
              1.0
            ],
            [
              0.49999999999999745,
              -0.86602540378443593,
              -2.3535777181506046E-18
            ]
          ],
          "translation_cm": [
            70.449999999999932,
            2.7700000000002474,
            8.3500000000001187
          ]
        }
      },
      {
        "node_id": "0298100086-M1:13",
        "file_name": "E:\\Phase 1\\New-Assemblies\\PRANA - Assembly Automation\\Assembly 2\\0298100086-M1.ipt",
        "component_type": "kPartDocumentObject",
        "grounded": false,
        "suppressed": false,
        "visible": true,
        "adaptive": false,
        "flexible": false,
        "dof_translation": 0,
        "dof_rotation": 0,
        "fully_constrained": true,
        "transform": {
          "rotation_matrix": [
            [
              0.86602540378444059,
              0.49999999999998734,
              -3.4936238515914447E-15
            ],
            [
              3.026743795604533E-15,
              1.7447736677019871E-15,
              1.0
            ],
            [
              0.49999999999998734,
              -0.86602540378444059,
              -2.3535777181501319E-18
            ]
          ],
          "translation_cm": [
            70.450000000000443,
            2.7700000000002474,
            -9.65000000000082
          ]
        }
      }
    ],
    "constraint_edges": [
      {
        "constraint_name": "Flush:13",
        "constraint_type": "kFlushConstraint",
        "suppressed": false,
        "health_status": "kUpToDateHealth",
        "node_one_id": "0298100086-M1:1",
        "node_two_id": "1625891052-P1:1",
        "offset_cm": 0.0,
        "angle_rad": null,
        "entity_one": {
          "entity_type": "67119520",
          "proxy_context_occurrence": "0298100086-M1:1",
          "owner_document": "E:\\Phase 1\\New-Assemblies\\PRANA - Assembly Automation\\Assembly 2\\0298100086-M1.ipt",
          "reference_key_string": "AQQIAEgAAAAAAAAAAgAAAAEAAAADAAAABAAAAAYAAAAIAAAABgAAAAsAAAAGAAAADgAAAAYAAAARAAAABgAAABQAAAAGAAAAFgAAAAYAAAA=",
