{
  "assembly_metadata": {
    "assembly_name": "1637017426-P100.iam",
    "full_file_name": "E:\\Phase 1\\New-Assemblies\\PRANA - Assembly Automation\\Assembly 11\\Workspaces\\1637017426-P100\\1637017426-P100.iam",
    "internal_name": "{3BF64EFE-4EA2-82C2-542E-F7BFEBEF38B1}",
    "total_occurrences": 49,
    "total_constraints": 107
  },
  "physics": {
    "mass_kg": 5.907977122579652,
    "center_of_mass": [
      -80.8717996737538,
      59.846937956023595,
      -69.145182301614511
    ],
    "inertia_tensor": [
      10832.228957477548,
      21017.013512826794,
      10186.42505458977,
      12.953370089150965,
      -0.21208966668695212,
      999.097730041191
    ]
  },
  "assembly_graph": {
    "nodes": [
      {
        "node_id": "1637017426-P101:1",
        "file_name": "E:\\Phase 1\\New-Assemblies\\PRANA - Assembly Automation\\Assembly 11\\Workspaces\\1637017426-P100\\1637017426-P101.ipt",
        "component_type": "kPartDocumentObject",
        "grounded": true,
        "suppressed": false,
        "visible": true,
        "adaptive": false,
        "flexible": false,
        "dof_translation": 0,
        "dof_rotation": 0,
        "fully_constrained": false,
        "transform": {
          "rotation_matrix": [
            [
              -1.0000000000000042,
              -1.7199830026126071E-13,
              -3.9941436356496168E-14
            ],
            [
              3.9919433751749124E-14,
              -6.93889390092208E-18,
              -1.0
            ],
            [
              1.7199830026126094E-13,
              -1.0000000000000042,
              4.8665503180976171E-17
            ]
          ],
          "translation_cm": [
            -14.749999999988148,
            60.004799999994333,
            -0.19999999996531415
          ]
        }
      },
      {
        "node_id": "0298100103-M1_196",
        "file_name": "E:\\Phase 1\\New-Assemblies\\PRANA - Assembly Automation\\Assembly 11\\Workspaces\\1637017426-P100\\0298100103-M1.ipt",
        "component_type": "kPartDocumentObject",
        "grounded": false,
        "suppressed": false,
        "visible": true,
        "adaptive": false,
        "flexible": false,
        "dof_translation": 3,
        "dof_rotation": 3,
        "fully_constrained": false,
        "transform": {
          "rotation_matrix": [
            [
              1.0,
              5.1539652571121369E-15,
              -4.1531300276959661E-14
            ],
            [
              -4.1531300276960008E-14,
              6.0586390996637266E-14,
              -1.0
            ],
            [
              -5.1539652571094745E-15,
              1.0,
              6.058639099663743E-14
            ]
          ],
          "translation_cm": [
            -29.038329655579162,
            60.194066232332787,
            -27.158430870469985
          ]
        }
      },
      {
        "node_id": "0298100103-M1_197",
        "file_name": "E:\\Phase 1\\New-Assemblies\\PRANA - Assembly Automation\\Assembly 11\\Workspaces\\1637017426-P100\\0298100103-M1.ipt",
        "component_type": "kPartDocumentObject",
        "grounded": false,
        "suppressed": false,
        "visible": true,
        "adaptive": false,
        "flexible": false,
        "dof_translation": 3,
        "dof_rotation": 3,
        "fully_constrained": false,
        "transform": {
          "rotation_matrix": [
            [
              1.0,
              5.1539652571121369E-15,
              -4.1531300276959661E-14
            ],
            [
              -4.1531300276960008E-14,
              6.0586390996637266E-14,
              -1.0
            ],
            [
              -5.1539652571094745E-15,
              1.0,
              6.058639099663743E-14
            ]
          ],
          "translation_cm": [
            -47.336841451899176,
            60.194066232332766,
            -27.158430870479563
          ]
        }
      },
      {
        "node_id": "0298100103-M1_198",
        "file_name": "E:\\Phase 1\\New-Assemblies\\PRANA - Assembly Automation\\Assembly 11\\Workspaces\\1637017426-P100\\0298100103-M1.ipt",
        "component_type": "kPartDocumentObject",
        "grounded": false,
        "suppressed": false,
        "visible": true,
        "adaptive": false,
        "flexible": false,
        "dof_translation": 3,
        "dof_rotation": 3,
        "fully_constrained": false,
        "transform": {
          "rotation_matrix": [
            [
              1.0,
              5.1539652571121369E-15,
              -4.1531300276959661E-14
            ],
            [
              -4.1531300276960008E-14,
              6.0586390996637266E-14,
              -1.0
            ],
            [
              -5.1539652571094745E-15,
              1.0,
              6.058639099663743E-14
            ]
          ],
          "translation_cm": [
            -74.369636419360461,
            60.194066232337235,
            -27.158430870499728
          ]
        }
      },
      {
        "node_id": "0298100103-M1_199",
        "file_name": "E:\\Phase 1\\New-Assemblies\\PRANA - Assembly Automation\\Assembly 11\\Workspaces\\1637017426-P100\\0298100103-M1.ipt",
        "component_type": "kPartDocumentObject",
        "grounded": false,
        "suppressed": false,
        "visible": true,
        "adaptive": false,
        "flexible": false,
        "dof_translation": 3,
        "dof_rotation": 3,
        "fully_constrained": false,
        "transform": {
          "rotation_matrix": [
            [
              1.0,
              5.1539652571121369E-15,
              -4.1531300276959661E-14
            ],
            [
              -4.1531300276960008E-14,
              6.0586390996637266E-14,
              -1.0
            ],
            [
              -5.1539652571094745E-15,
              1.0,
              6.058639099663743E-14
            ]
          ],
          "translation_cm": [
            -29.038329655579503,
            60.1940662323328,
            -66.595101639559971
          ]
        }
      },
      {
        "node_id": "0298100103-M1_200",
        "file_name": "E:\\Phase 1\\New-Assemblies\\PRANA - Assembly Automation\\Assembly 11\\Workspaces\\1637017426-P100\\0298100103-M1.ipt",
        "component_type": "kPartDocumentObject",
        "grounded": false,
        "suppressed": false,
        "visible": true,
        "adaptive": false,
        "flexible": false,
        "dof_translation": 3,
        "dof_rotation": 3,
        "fully_constrained": false,
        "transform": {
          "rotation_matrix": [
            [
              1.0,
              5.1539652571121369E-15,
              -4.1531300276959661E-14
            ],
            [
              -4.1531300276960008E-14,
              6.0586390996637266E-14,
              -1.0
            ],
            [
              -5.1539652571094745E-15,
              1.0,
              6.058639099663743E-14
            ]
          ],
          "translation_cm": [
            -47.336841451900796,
            60.194066232332794,
            -66.5951016395599
          ]
        }
      },
      {
        "node_id": "0298100103-M1_201",
        "file_name": "E:\\Phase 1\\New-Assemblies\\PRANA - Assembly Automation\\Assembly 11\\Workspaces\\1637017426-P100\\0298100103-M1.ipt",
        "component_type": "kPartDocumentObject",
        "grounded": false,
        "suppressed": false,
        "visible": true,
        "adaptive": false,
        "flexible": false,
        "dof_translation": 3,
        "dof_rotation": 3,
        "fully_constrained": false,
        "transform": {
          "rotation_matrix": [
            [
              1.0,
              5.1539652571121369E-15,
              -4.1531300276959661E-14
            ],
            [
              -4.1531300276960008E-14,
              6.0586390996637266E-14,
              -1.0
            ],
            [
              -5.1539652571094745E-15,
              1.0,
              6.058639099663743E-14
            ]
          ],
          "translation_cm": [
            -74.369636419360688,
            60.194066232337292,
            -66.595101639559758
          ]
        }
      },
      {
        "node_id": "0298100103-M1_202",
        "file_name": "E:\\Phase 1\\New-Assemblies\\PRANA - Assembly Automation\\Assembly 11\\Workspaces\\1637017426-P100\\0298100103-M1.ipt",
        "component_type": "kPartDocumentObject",
        "grounded": false,
        "suppressed": false,
        "visible": true,
        "adaptive": false,
        "flexible": false,
        "dof_translation": 3,
        "dof_rotation": 3,
        "fully_constrained": false,
        "transform": {
          "rotation_matrix": [
            [
              1.0,
              5.1539652571121369E-15,
              -4.1531300276959661E-14
            ],
            [
              -4.1531300276960008E-14,
              6.0586390996637266E-14,
              -1.0
            ],
            [
              -5.1539652571094745E-15,
              1.0,
              6.058639099663743E-14
            ]
          ],
          "translation_cm": [
            -74.369636419360916,
            60.1940662323373,
            -106.64678875509976
          ]
        }
      },
      {
        "node_id": "0298100103-M1_203",
        "file_name": "E:\\Phase 1\\New-Assemblies\\PRANA - Assembly Automation\\Assembly 11\\Workspaces\\1637017426-P100\\0298100103-M1.ipt",
        "component_type": "kPartDocumentObject",
        "grounded": false,
        "suppressed": false,
        "visible": true,
        "adaptive": false,
        "flexible": false,
        "dof_translation": 3,
        "dof_rotation": 3,
        "fully_constrained": false,
        "transform": {
          "rotation_matrix": [
            [
              1.0,
              5.1539652571121369E-15,
              -4.1531300276959661E-14
            ],
            [
              -4.1531300276960008E-14,
              6.0586390996637266E-14,
              -1.0
            ],
            [
              -5.1539652571094745E-15,
              1.0,
              6.058639099663743E-14
            ]
          ],
          "translation_cm": [
            -47.336841451900909,
            60.1940662323328,
            -106.64678875509989
          ]
        }
      },
      {
        "node_id": "0298100103-M1_204",
        "file_name": "E:\\Phase 1\\New-Assemblies\\PRANA - Assembly Automation\\Assembly 11\\Workspaces\\1637017426-P100\\0298100103-M1.ipt",
        "component_type": "kPartDocumentObject",
        "grounded": false,
        "suppressed": false,
        "visible": true,
        "adaptive": false,
        "flexible": false,
        "dof_translation": 3,
        "dof_rotation": 3,
        "fully_constrained": false,
        "transform": {
          "rotation_matrix": [
            [
              1.0,
              5.1539652571121369E-15,
              -4.1531300276959661E-14
            ],
            [
              -4.1531300276960008E-14,
              6.0586390996637266E-14,
              -1.0
            ],
            [
              -5.1539652571094745E-15,
              1.0,
              6.058639099663743E-14
            ]
          ],
          "translation_cm": [
            -29.038329655580924,
            60.194066232332808,
            -106.64678875510006
          ]
        }
      },
      {
        "node_id": "0298100103-M1_205",
        "file_name": "E:\\Phase 1\\New-Assemblies\\PRANA - Assembly Automation\\Assembly 11\\Workspaces\\1637017426-P100\\0298100103-M1.ipt",
        "component_type": "kPartDocumentObject",
        "grounded": false,
        "suppressed": false,
        "visible": true,
        "adaptive": false,
        "flexible": false,
        "dof_translation": 3,
        "dof_rotation": 3,
        "fully_constrained": false,
        "transform": {
          "rotation_matrix": [
            [
              1.0,
              5.1539652571121369E-15,
              -4.1531300276959661E-14
            ],
            [
              -4.1531300276960008E-14,
              6.0586390996637266E-14,
              -1.0
            ],
            [
              -5.1539652571094745E-15,
              1.0,
              6.058639099663743E-14
            ]
          ],
          "translation_cm": [
            -29.038329655581123,
            60.194066232322811,
            -126.89570025720005
          ]
        }
      },
      {
        "node_id": "0298100103-M1_206",
        "file_name": "E:\\Phase 1\\New-Assemblies\\PRANA - Assembly Automation\\Assembly 11\\Workspaces\\1637017426-P100\\0298100103-M1.ipt",
        "component_type": "kPartDocumentObject",
        "grounded": false,
        "suppressed": false,
        "visible": true,
        "adaptive": false,
        "flexible": false,
        "dof_translation": 3,
        "dof_rotation": 3,
        "fully_constrained": false,
        "transform": {
          "rotation_matrix": [
            [
              1.0,
              5.1539652571121369E-15,
              -4.1531300276959661E-14
            ],
            [
              -4.1531300276960008E-14,
              6.0586390996637266E-14,
              -1.0
            ],
            [
              -5.1539652571094745E-15,
              1.0,
              6.058639099663743E-14
            ]
          ],
          "translation_cm": [
            -47.336841451901137,
            60.194066232332808,
            -126.89570025719988
          ]
        }
      },
      {
        "node_id": "0298100103-M1_207",
        "file_name": "E:\\Phase 1\\New-Assemblies\\PRANA - Assembly Automation\\Assembly 11\\Workspaces\\1637017426-P100\\0298100103-M1.ipt",
        "component_type": "kPartDocumentObject",
        "grounded": false,
        "suppressed": false,
        "visible": true,
        "adaptive": false,
        "flexible": false,
        "dof_translation": 3,
        "dof_rotation": 3,
        "fully_constrained": false,
        "transform": {
          "rotation_matrix": [
            [
              1.0,
              5.1539652571121369E-15,
              -4.1531300276959661E-14
            ],
            [
              -4.1531300276960008E-14,
              6.0586390996637266E-14,
              -1.0
            ],
            [
              -5.1539652571094745E-15,
              1.0,
              6.058639099663743E-14
            ]
          ],
          "translation_cm": [
            -74.369636419361086,
            60.194066232337306,
            -126.89570025719975
          ]
        }
      },
      {
        "node_id": "0298100025-M1:2",
        "file_name": "E:\\Phase 1\\New-Assemblies\\PRANA - Assembly Automation\\Assembly 11\\Workspaces\\1637017426-P100\\0298100025-M1.ipt",
        "component_type": "kPartDocumentObject",
        "grounded": false,
        "suppressed": false,
        "visible": true,
        "adaptive": false,
        "flexible": false,
        "dof_translation": 0,
        "dof_rotation": 0,
        "fully_constrained": true,
        "transform": {
          "rotation_matrix": [
            [
              0.86602540378451665,
              -0.49999999999986916,
              -4.074841375127632E-14
            ],
            [
              -3.5963691645096089E-14,
              1.9205886345505675E-14,
              -1.0000000000000007
            ],
            [
              0.49999999999986905,
              0.86602540378451642,
              -1.3490603451372328E-15
            ]
          ],
          "translation_cm": [
            -147.30194700537305,
            59.779999999999973,
            -139.94999999990375
          ]
        }
      },
      {
        "node_id": "0298100025-M1:3",
        "file_name": "E:\\Phase 1\\New-Assemblies\\PRANA - Assembly Automation\\Assembly 11\\Workspaces\\1637017426-P100\\0298100025-M1.ipt",
        "component_type": "kPartDocumentObject",
        "grounded": false,
        "suppressed": false,
        "visible": true,
        "adaptive": false,
        "flexible": false,
        "dof_translation": 0,
        "dof_rotation": 0,
        "fully_constrained": true,
        "transform": {
          "rotation_matrix": [
            [
              0.86602540378436332,
              0.500000000000133,
              -3.9965527225593049E-14
            ],
            [
              -3.3936631680430383E-14,
              -2.1151084142928789E-14,
              -1.0
            ],
            [
              -0.500000000000133,
              0.86602540378436355,
              -1.3490603451372959E-15
            ]
          ],
          "translation_cm": [
            -148.55194700536794,
            59.779999999999944,
            -79.949999999987654
          ]
        }
      },
      {
        "node_id": "0298100025-M1:4",
        "file_name": "E:\\Phase 1\\New-Assemblies\\PRANA - Assembly Automation\\Assembly 11\\Workspaces\\1637017426-P100\\0298100025-M1.ipt",
        "component_type": "kPartDocumentObject",
        "grounded": false,
        "suppressed": false,
        "visible": true,
        "adaptive": false,
        "flexible": false,
        "dof_translation": 0,
        "dof_rotation": 0,
        "fully_constrained": true,
        "transform": {
          "rotation_matrix": [
            [
              0.86602540378436277,
              0.50000000000013256,
              -3.8399754174226475E-14
            ],
            [
              -3.2580632441385983E-14,
              -2.0368197617245293E-14,
              -1.0
            ],
            [
              -0.50000000000013256,
              0.86602540378436288,
              -1.3490603451372918E-15
            ]
          ],
          "translation_cm": [
            -136.30194700537319,
            59.779999999999532,
            -139.94999999990534
          ]
        }
      },
      {
        "node_id": "0298100025-M1:5",
        "file_name": "E:\\Phase 1\\New-Assemblies\\PRANA - Assembly Automation\\Assembly 11\\Workspaces\\1637017426-P100\\0298100025-M1.ipt",
        "component_type": "kPartDocumentObject",
        "grounded": false,
        "suppressed": false,
        "visible": true,
        "adaptive": false,
        "flexible": false,
        "dof_translation": 0,
        "dof_rotation": 0,
        "fully_constrained": true,
        "transform": {
          "rotation_matrix": [
            [
              0.86602540378436221,
              0.50000000000013256,
              -4.1531300276959572E-14
            ],
            [
              -3.5970630538997434E-14,
              -2.0759640880087008E-14,
              -1.0
            ],
            [
              -0.50000000000013256,
              0.86602540378436221,
              6.9388939077439689E-18
            ]
          ],
          "translation_cm": [
            -147.30194700536032,
            59.779999999999838,
            -55.949999999993608
          ]
        }
      },
      {
        "node_id": "0298100025-M1:6",
        "file_name": "E:\\Phase 1\\New-Assemblies\\PRANA - Assembly Automation\\Assembly 11\\Workspaces\\1637017426-P100\\0298100025-M1.ipt",
        "component_type": "kPartDocumentObject",
        "grounded": false,
        "suppressed": false,
        "visible": true,
        "adaptive": false,
        "flexible": false,
        "dof_translation": 0,
        "dof_rotation": 0,
        "fully_constrained": true,
        "transform": {
          "rotation_matrix": [
            [
              0.86602540378454029,
              -0.49999999999982503,
              -4.153130027695956E-14
            ],
            [
              -3.5963691645097023E-14,
              2.0771659396870851E-14,
              -1.0
            ],
            [
              0.49999999999982503,
              0.86602540378454029,
              6.9388939078233388E-18
            ]
          ],
          "translation_cm": [
            -148.55194700537635,
            59.779999999999887,
            -127.9499999998943
          ]
        }
      },
      {
        "node_id": "0298100025-M1:7",
        "file_name": "E:\\Phase 1\\New-Assemblies\\PRANA - Assembly Automation\\Assembly 11\\Workspaces\\1637017426-P100\\0298100025-M1.ipt",
        "component_type": "kPartDocumentObject",
        "grounded": false,
        "suppressed": false,
        "visible": true,
        "adaptive": false,
        "flexible": false,
        "dof_translation": 0,
        "dof_rotation": 0,
        "fully_constrained": true,
        "transform": {
          "rotation_matrix": [
            [
              0.86602540378436232,
              0.50000000000013245,
              -4.153130027695956E-14
            ],
            [
              -3.5970630538997434E-14,
              -2.0759640880086992E-14,
              -1.0
            ],
            [
              -0.50000000000013245,
              0.86602540378436232,
              6.9388939077643237E-18
            ]
          ],
          "translation_cm": [
            -148.5519470053701,
            59.779999999999887,
            -91.9499999999876
          ]
        }
      },
      {
        "node_id": "0298100025-M1:8",
        "file_name": "E:\\Phase 1\\New-Assemblies\\PRANA - Assembly Automation\\Assembly 11\\Workspaces\\1637017426-P100\\0298100025-M1.ipt",
        "component_type": "kPartDocumentObject",
        "grounded": false,
        "suppressed": false,
        "visible": true,
        "adaptive": false,
        "flexible": false,
        "dof_translation": 0,
        "dof_rotation": 0,
        "fully_constrained": true,
        "transform": {
          "rotation_matrix": [
            [
              0.86602540378436221,
              0.50000000000013256,
              -4.1531300276959522E-14
            ],
            [
              -3.5970630538997409E-14,
              -2.0759640880086979E-14,
              -1.0
            ],
            [
              -0.50000000000013256,
              0.86602540378436221,
              6.9388939077492552E-18
            ]
          ],
          "translation_cm": [
            -148.55194700536583,
            59.779999999999887,
            -67.949999999987625
          ]
        }
      },
      {
        "node_id": "0298100025-M1:9",
        "file_name": "E:\\Phase 1\\New-Assemblies\\PRANA - Assembly Automation\\Assembly 11\\Workspaces\\1637017426-P100\\0298100025-M1.ipt",
        "component_type": "kPartDocumentObject",
        "grounded": false,
        "suppressed": false,
        "visible": true,
        "adaptive": false,
        "flexible": false,
        "dof_translation": 0,
        "dof_rotation": 0,
        "fully_constrained": true,
        "transform": {
          "rotation_matrix": [
            [
              0.86602540378453985,
              -0.49999999999982464,
              -4.0748413751276282E-14
            ],
            [
              -3.5963691645097017E-14,
              1.9205886345503911E-14,
              -0.99999999999999911
            ],
            [
              0.4999999999998252,
              0.8660254037845394,
              -1.349060345137176E-15
            ]
          ],
          "translation_cm": [
            -148.55194700537416,
            59.779999999999887,
            -115.94999999989419
          ]
        }
      },
      {
        "node_id": "0298100025-M1:10",
        "file_name": "E:\\Phase 1\\New-Assemblies\\PRANA - Assembly Automation\\Assembly 11\\Workspaces\\1637017426-P100\\0298100025-M1.ipt",
        "component_type": "kPartDocumentObject",
        "grounded": false,
        "suppressed": false,
        "visible": true,
        "adaptive": false,
        "flexible": false,
        "dof_translation": 0,
        "dof_rotation": 0,
        "fully_constrained": true,
        "transform": {
          "rotation_matrix": [
            [
              0.86602540378454107,
              -0.49999999999982558,
              -4.1531300276959585E-14
            ],
            [
              -3.6641691264619308E-14,
              1.9597329608345392E-14,
              -1.0
            ],
            [
              0.49999999999982558,
              0.866025403784541,
              -1.3490603451371871E-15
            ]
          ],
          "translation_cm": [
            -148.55194700537214,
            59.779999999999873,
            -103.94999999989432
          ]
        }
      },
      {
        "node_id": "0298100025-M1:11",
        "file_name": "E:\\Phase 1\\New-Assemblies\\PRANA - Assembly Automation\\Assembly 11\\Workspaces\\1637017426-P100\\0298100025-M1.ipt",
        "component_type": "kPartDocumentObject",
        "grounded": false,
        "suppressed": false,
        "visible": true,
        "adaptive": false,
        "flexible": false,
        "dof_translation": 0,
        "dof_rotation": 0,
        "fully_constrained": true,
        "transform": {
          "rotation_matrix": [
            [
              0.866025403784516,
              -0.49999999999986877,
              -4.1531300276959572E-14
            ],
            [
              -3.6641691264618368E-14,
              1.9597329608347181E-14,
              -1.0
            ],
            [
              0.49999999999986877,
              0.86602540378451576,
              -1.3490603451372431E-15
            ]
          ],
          "translation_cm": [
            -125.30194700537319,
            59.779999999999056,
            -139.94999999990716
          ]
        }
      },
      {
        "node_id": "0298100025-M1:12",
        "file_name": "E:\\Phase 1\\New-Assemblies\\PRANA - Assembly Automation\\Assembly 11\\Workspaces\\1637017426-P100\\0298100025-M1.ipt",
        "component_type": "kPartDocumentObject",
        "grounded": false,
        "suppressed": false,
        "visible": true,
        "adaptive": false,
        "flexible": false,
        "dof_translation": 0,
        "dof_rotation": 0,
        "fully_constrained": true,
        "transform": {
          "rotation_matrix": [
            [
              0.86602540378454018,
              -0.49999999999982514,
              -4.1531300276959554E-14
            ],
            [
              -3.6641691264619296E-14,
              1.9597329608345345E-14,
              -1.0
            ],
            [
              0.49999999999982514,
              0.86602540378454007,
              -1.3490603451372271E-15
            ]
          ],
          "translation_cm": [
            -113.0519470053939,
            59.779999999998516,
            -115.94999999994185
          ]
        }
      },
      {
        "node_id": "0298100025-M1:13",
        "file_name": "E:\\Phase 1\\New-Assemblies\\PRANA - Assembly Automation\\Assembly 11\\Workspaces\\1637017426-P100\\0298100025-M1.ipt",
        "component_type": "kPartDocumentObject",
        "grounded": false,
        "suppressed": false,
        "visible": true,
        "adaptive": false,
        "flexible": false,
        "dof_translation": 0,
        "dof_rotation": 0,
        "fully_constrained": true,
        "transform": {
          "rotation_matrix": [
            [
              0.86602540378436244,
              0.50000000000013256,
              -4.1531300276959579E-14
            ],
            [
              -3.5292630919474732E-14,
              -2.1933970668612259E-14,
              -1.0
            ],
            [
              -0.50000000000013256,
              0.86602540378436255,
              -1.3490603451372936E-15
            ]
          ],
          "translation_cm": [
            -114.30194700539838,
            59.7799999999986,
            -139.949999999952
          ]
        }
      },
      {
        "node_id": "0298100025-M1:14",
        "file_name": "E:\\Phase 1\\New-Assemblies\\PRANA - Assembly Automation\\Assembly 11\\Workspaces\\1637017426-P100\\0298100025-M1.ipt",
        "component_type": "kPartDocumentObject",
        "grounded": false,
        "suppressed": false,
        "visible": true,
        "adaptive": false,
        "flexible": false,
        "dof_translation": 0,
        "dof_rotation": 0,
        "fully_constrained": true,
        "transform": {
          "rotation_matrix": [
            [
              0.86602540378454018,
              -0.49999999999982514,
              -4.1531300276959554E-14
            ],
            [
              -3.6641691264619296E-14,
              1.9597329608345345E-14,
              -1.0
            ],
            [
              0.49999999999982514,
              0.86602540378454007,
              -1.3490603451372271E-15
            ]
          ],
          "translation_cm": [
            -113.05194700539604,
            59.77999999999853,
            -127.94999999994192
          ]
        }
      },
      {
        "node_id": "0298100025-M1:15",
        "file_name": "E:\\Phase 1\\New-Assemblies\\PRANA - Assembly Automation\\Assembly 11\\Workspaces\\1637017426-P100\\0298100025-M1.ipt",
        "component_type": "kPartDocumentObject",
        "grounded": false,
        "suppressed": false,
        "visible": true,
        "adaptive": false,
        "flexible": false,
        "dof_translation": 0,
        "dof_rotation": 0,
        "fully_constrained": true,
        "transform": {
          "rotation_matrix": [
            [
              0.86602540378433746,
              0.50000000000017564,
              -4.1531300276959535E-14
            ],
            [
              -3.5292630919473666E-14,
              -2.1933970668614023E-14,
              -1.0
            ],
            [
              -0.50000000000017564,
              0.86602540378433768,
              -1.3490603451372989E-15
            ]
          ],
          "translation_cm": [
            -113.05194700539187,
            59.779999999998495,
            -103.94999999994191
          ]
        }
      },
      {
        "node_id": "0298100025-M1:16",
        "file_name": "E:\\Phase 1\\New-Assemblies\\PRANA - Assembly Automation\\Assembly 11\\Workspaces\\1637017426-P100\\0298100025-M1.ipt",
        "component_type": "kPartDocumentObject",
        "grounded": false,
        "suppressed": false,
        "visible": true,
        "adaptive": false,
        "flexible": false,
        "dof_translation": 0,
        "dof_rotation": 0,
        "fully_constrained": true,
        "transform": {
          "rotation_matrix": [
            [
              0.866025403784516,
              -0.49999999999986877,
              -4.1531300276959522E-14
            ],
            [
              -3.664169126461833E-14,
              1.9597329608347178E-14,
              -1.0
            ],
            [
              0.49999999999986877,
              0.86602540378451576,
              -1.349060345137233E-15
            ]
          ],
          "translation_cm": [
            -113.05194700538968,
            59.779999999998481,
            -91.949999999952723
          ]
        }
      },
      {
        "node_id": "0298100025-M1:17",
        "file_name": "E:\\Phase 1\\New-Assemblies\\PRANA - Assembly Automation\\Assembly 11\\Workspaces\\1637017426-P100\\0298100025-M1.ipt",
        "component_type": "kPartDocumentObject",
        "grounded": false,
        "suppressed": false,
        "visible": true,
        "adaptive": false,
        "flexible": false,
        "dof_translation": 0,
        "dof_rotation": 0,
        "fully_constrained": true,
        "transform": {
          "rotation_matrix": [
            [
              0.866025403784516,
              -0.49999999999986877,
              -4.1531300276959522E-14
            ],
            [
              -3.6641691264618311E-14,
              1.9597329608347172E-14,
              -1.0
            ],
            [
              0.49999999999986877,
              0.86602540378451576,
              -1.3490603451372269E-15
            ]
          ],
          "translation_cm": [
            -113.05194700538758,
            59.779999999998466,
            -79.949999999952752
          ]
        }
      },
      {
        "node_id": "0298100025-M1:18",
        "file_name": "E:\\Phase 1\\New-Assemblies\\PRANA - Assembly Automation\\Assembly 11\\Workspaces\\1637017426-P100\\0298100025-M1.ipt",
        "component_type": "kPartDocumentObject",
        "grounded": false,
        "suppressed": false,
        "visible": true,
        "adaptive": false,
        "flexible": false,
        "dof_translation": 0,
        "dof_rotation": 0,
        "fully_constrained": true,
        "transform": {
          "rotation_matrix": [
            [
              -0.86602540378453452,
              0.49999999999983458,
              -4.1531300276959755E-14
            ],
            [
              3.5264828720937944E-14,
              -2.1982125489041303E-14,
              -1.0
            ],
            [
              -0.49999999999983458,
              -0.86602540378453474,
              1.404664742226151E-15
            ]
          ],
          "translation_cm": [
            -114.29040000000127,
            59.779999999998473,
            -55.929999999947128
          ]
        }
      },
      {
        "node_id": "0298100025-M1:19",
        "file_name": "E:\\Phase 1\\New-Assemblies\\PRANA - Assembly Automation\\Assembly 11\\Workspaces\\1637017426-P100\\0298100025-M1.ipt",
        "component_type": "kPartDocumentObject",
        "grounded": false,
        "suppressed": false,
        "visible": true,
        "adaptive": false,
        "flexible": false,
        "dof_translation": 0,
        "dof_rotation": 0,
        "fully_constrained": true,
        "transform": {
          "rotation_matrix": [
            [
              -0.86602540378453463,
              0.49999999999983458,
              -4.072432288217944E-14
            ],
            [
              3.4565965796778303E-14,
              -2.1578636791651243E-14,
              -1.0
            ],
            [
              -0.49999999999983458,
              -0.86602540378453463,
              1.4046647422261471E-15
            ]
          ],
          "translation_cm": [
            -136.29039999997113,
            59.779999999999369,
            -55.9299999999776
          ]
        }
      },
      {
        "node_id": "0298100025-M1:20",
        "file_name": "E:\\Phase 1\\New-Assemblies\\PRANA - Assembly Automation\\Assembly 11\\Workspaces\\1637017426-P100\\0298100025-M1.ipt",
        "component_type": "kPartDocumentObject",
        "grounded": false,
        "suppressed": false,
        "visible": true,
        "adaptive": false,
        "flexible": false,
        "dof_translation": 0,
        "dof_rotation": 0,
        "fully_constrained": true,
        "transform": {
          "rotation_matrix": [
            [
              -0.86602540378450943,
              0.49999999999987793,
              -4.1531300276959957E-14
            ],
            [
              3.5264828720936985E-14,
              -2.1982125489043155E-14,
              -1.0
            ],
            [
              -0.49999999999987793,
              -0.86602540378450943,
              1.4046647422261465E-15
            ]
          ],
          "translation_cm": [
            -113.04039999999684,
            59.779999999998395,
            -67.929999999946858
          ]
        }
      },
      {
        "node_id": "0298100025-M1:21",
        "file_name": "E:\\Phase 1\\New-Assemblies\\PRANA - Assembly Automation\\Assembly 11\\Workspaces\\1637017426-P100\\0298100025-M1.ipt",
        "component_type": "kPartDocumentObject",
        "grounded": false,
        "suppressed": false,
        "visible": true,
        "adaptive": false,
        "flexible": false,
        "dof_translation": 0,
        "dof_rotation": 0,
        "fully_constrained": true,
        "transform": {
          "rotation_matrix": [
            [
              -0.86602540378453452,
              0.49999999999983458,
              -4.1531300276959762E-14
            ],
            [
              3.5264828720937938E-14,
              -2.19821254890413E-14,
              -1.0
            ],
            [
              -0.49999999999983458,
              -0.86602540378453474,
              1.4046647422261483E-15
            ]
          ],
          "translation_cm": [
            -125.29039999997124,
            59.779999999998921,
            -55.929999999979678
          ]
        }
      },
      {
        "node_id": "0298100032-M1-00:1",
        "file_name": "E:\\Phase 1\\New-Assemblies\\PRANA - Assembly Automation\\Assembly 11\\Workspaces\\1637017426-P100\\0298100032-M1-00.ipt",
        "component_type": "kPartDocumentObject",
        "grounded": false,
        "suppressed": false,
        "visible": true,
        "adaptive": false,
        "flexible": false,
        "dof_translation": 0,
        "dof_rotation": 0,
        "fully_constrained": true,
        "transform": {
          "rotation_matrix": [
            [
              -0.86602540378453485,
              -0.499999999999834,
              3.9919433751748941E-14
            ],
            [
              3.4567774286754468E-14,
              1.9965726134266157E-14,
              1.0
            ],
            [
              -0.499999999999834,
              0.86602540378453485,
              -6.9388939078029255E-18
            ]
          ],
          "translation_cm": [
            -107.96121528018483,
            59.944799999998054,
            -138.51081528014825
          ]
        }
      },
      {
        "node_id": "0298100032-M1-00:2",
        "file_name": "E:\\Phase 1\\New-Assemblies\\PRANA - Assembly Automation\\Assembly 11\\Workspaces\\1637017426-P100\\0298100032-M1-00.ipt",
        "component_type": "kPartDocumentObject",
        "grounded": false,
        "suppressed": false,
        "visible": true,
        "adaptive": false,
        "flexible": false,
        "dof_translation": 0,
        "dof_rotation": 0,
        "fully_constrained": true,
        "transform": {
          "rotation_matrix": [
            [
              -0.86602540378434278,
              0.50000000000016609,
              3.9919433751748877E-14
            ],
            [
              3.457471318065457E-14,
              -1.9953707617482777E-14,
              1.0
            ],
            [
              0.50000000000016609,
              0.86602540378434278,
              -6.93889390778286E-18
            ]
          ],
          "translation_cm": [
            -107.96121528018024,
            59.944799999998054,
            -114.46918471984733
          ]
        }
      },
      {
        "node_id": "0298100032-M1-00:3",
        "file_name": "E:\\Phase 1\\New-Assemblies\\PRANA - Assembly Automation\\Assembly 11\\Workspaces\\1637017426-P100\\0298100032-M1-00.ipt",
        "component_type": "kPartDocumentObject",
        "grounded": false,
        "suppressed": false,
        "visible": true,
        "adaptive": false,
        "flexible": false,
        "dof_translation": 0,
        "dof_rotation": 0,
        "fully_constrained": true,
        "transform": {
          "rotation_matrix": [
            [
              -1.5305115996105249E-13,
              -1.0000000000000009,
              3.9919433751748928E-14
            ],
            [
              -6.9388939016769121E-18,
              3.9919433751748928E-14,
              1.0
            ],
            [
              -1.0000000000000009,
              1.5305115996105249E-13,
              -6.9388939077909524E-18
            ]
          ],
          "translation_cm": [
            -83.9282449738811,
            59.944799999997095,
            -138.51581528015524
          ]
        }
      },
      {
        "node_id": "0298100032-M1-00:4",
        "file_name": "E:\\Phase 1\\New-Assemblies\\PRANA - Assembly Automation\\Assembly 11\\Workspaces\\1637017426-P100\\0298100032-M1-00.ipt",
        "component_type": "kPartDocumentObject",
        "grounded": false,
        "suppressed": false,
        "visible": true,
        "adaptive": false,
        "flexible": false,
