{
  "assembly_metadata": {
    "assembly_name": "1650612700-M1.iam",
    "full_file_name": "E:\\Phase 1\\New-Assemblies\\PRANA - Assembly Automation\\Assembly 5\\1650612700-M1.iam",
    "internal_name": "{DA4471EC-42A1-9B4A-2295-77BD8B9D54CE}",
    "total_occurrences": 78,
    "total_constraints": 177
  },
  "physics": {
    "mass_kg": 112.07864257994257,
    "center_of_mass": [
      -56.973458335325134,
      132.97230676015866,
      -2.8399953050764162
    ],
    "inertia_tensor": [
      693225.73969355889,
      138174.71531206567,
      827315.65302279429,
      -2348.0478722099065,
      2517.5018861202152,
      -373.35398349265756
    ]
  },
  "assembly_graph": {
    "nodes": [
      {
        "node_id": "1650612700-M1:1",
        "file_name": "E:\\Phase 1\\New-Assemblies\\PRANA - Assembly Automation\\Assembly 5\\1650612700-M1.ipt",
        "component_type": "kPartDocumentObject",
        "grounded": true,
        "suppressed": false,
        "visible": true,
        "adaptive": true,
        "flexible": false,
        "dof_translation": 0,
        "dof_rotation": 0,
        "fully_constrained": false,
        "transform": {
          "rotation_matrix": [
            [
              -5.8447105563876676E-29,
              -1.0000000000000011,
              6.47740083085349E-17
            ],
            [
              0.99999999999999967,
              2.4980018054060328E-16,
              -3.2737156619192194E-16
            ],
            [
              4.1426232262133093E-16,
              -1.0063402429972295E-15,
              1.0
            ]
          ],
          "translation_cm": [
            -2.49999999999826,
            -4.2667049929808623E-17,
            -0.30000000000000282
          ]
        }
      },
      {
        "node_id": "1650612700-M2:1",
        "file_name": "E:\\Phase 1\\New-Assemblies\\PRANA - Assembly Automation\\Assembly 5\\1650612700-M2.ipt",
        "component_type": "kPartDocumentObject",
        "grounded": false,
        "suppressed": false,
        "visible": true,
        "adaptive": true,
        "flexible": false,
        "dof_translation": 0,
        "dof_rotation": 0,
        "fully_constrained": true,
        "transform": {
          "rotation_matrix": [
            [
              -1.0000000000000022,
              5.9142523348943488E-29,
              -9.981299989444062E-16
            ],
            [
              4.718447854656371E-16,
              -0.99999999999999978,
              -5.5924814469217455E-16
            ],
            [
              -1.0063402429972289E-15,
              -5.31068736961367E-16,
              1.0000000000000018
            ]
          ],
          "translation_cm": [
            -32.799999999998313,
            261.30000000000064,
            -13.004999999999985
          ]
        }
      },
      {
        "node_id": "1650612700-M2:2",
        "file_name": "E:\\Phase 1\\New-Assemblies\\PRANA - Assembly Automation\\Assembly 5\\1650612700-M2.ipt",
        "component_type": "kPartDocumentObject",
        "grounded": false,
        "suppressed": false,
        "visible": true,
        "adaptive": false,
        "flexible": false,
        "dof_translation": 0,
        "dof_rotation": 0,
        "fully_constrained": true,
        "transform": {
          "rotation_matrix": [
            [
              -1.0000000000000022,
              2.2204460492509294E-16,
              -9.98129998944406E-16
            ],
            [
              2.4980018054060367E-16,
              -0.99999999999999978,
              -5.59248144692185E-16
            ],
            [
              -1.0063402429972289E-15,
              -5.3106873696136331E-16,
              1.0000000000000018
            ]
          ],
          "translation_cm": [
            -90.799999999998448,
            261.29999999999978,
            -13.000000000000043
          ]
        }
      },
      {
        "node_id": "1631079903-M1:2",
        "file_name": "E:\\Phase 1\\New-Assemblies\\PRANA - Assembly Automation\\Assembly 5\\1631079903-M1.ipt",
        "component_type": "kPartDocumentObject",
        "grounded": false,
        "suppressed": false,
        "visible": true,
        "adaptive": false,
        "flexible": false,
        "dof_translation": 0,
        "dof_rotation": 0,
        "fully_constrained": true,
        "transform": {
          "rotation_matrix": [
            [
              5.8598493643679776E-29,
              4.5882472318577654E-30,
              1.0000000000000007
            ],
            [
              -1.0000000000000007,
              -3.061515884555921E-16,
              5.8598493643679776E-29
            ],
            [
              3.06151588455591E-16,
              -1.0,
              -1.6351818418805939E-32
            ]
          ],
          "translation_cm": [
            -108.19999999999834,
            64.000000000000043,
            -0.3000000000000026
          ]
        }
      },
      {
        "node_id": "1631079903-M1:3",
        "file_name": "E:\\Phase 1\\New-Assemblies\\PRANA - Assembly Automation\\Assembly 5\\1631079903-M1.ipt",
        "component_type": "kPartDocumentObject",
        "grounded": false,
        "suppressed": false,
        "visible": true,
        "adaptive": false,
        "flexible": false,
        "dof_translation": 0,
        "dof_rotation": 0,
        "fully_constrained": true,
        "transform": {
          "rotation_matrix": [
            [
              1.4400970970662372E-31,
              -6.4774008308535844E-17,
              1.0000000000000007
            ],
            [
              -1.0000000000000007,
              -3.0615158845559372E-16,
              1.2417904417232829E-31
            ],
            [
              3.0615158845559264E-16,
              -1.0,
              -6.4774008308536411E-17
            ]
          ],
          "translation_cm": [
            -108.1999999999984,
            26.500000000000021,
            -0.29999999999999577
          ]
        }
      },
      {
        "node_id": "1631079903-M1:4",
        "file_name": "E:\\Phase 1\\New-Assemblies\\PRANA - Assembly Automation\\Assembly 5\\1631079903-M1.ipt",
        "component_type": "kPartDocumentObject",
        "grounded": false,
        "suppressed": false,
        "visible": true,
        "adaptive": false,
        "flexible": false,
        "dof_translation": 0,
        "dof_rotation": 0,
        "fully_constrained": true,
        "transform": {
          "rotation_matrix": [
            [
              1.1214604853313349E-16,
              4.6225809227551845E-30,
              1.0000000000000007
            ],
            [
              -1.0000000000000007,
              -3.0615158845559362E-16,
              1.1214604853313349E-16
            ],
            [
              3.0615158845559254E-16,
              -1.0,
              -1.6351818418805649E-32
            ]
          ],
          "translation_cm": [
            -108.19999999999841,
            87.000000000000043,
            -0.3000000000000026
          ]
        }
      },
      {
        "node_id": "1631079904-M1:1",
        "file_name": "E:\\Phase 1\\New-Assemblies\\PRANA - Assembly Automation\\Assembly 5\\1631079904-M1.ipt",
        "component_type": "kPartDocumentObject",
        "grounded": false,
        "suppressed": false,
        "visible": true,
        "adaptive": false,
        "flexible": false,
        "dof_translation": 0,
        "dof_rotation": 0,
        "fully_constrained": true,
        "transform": {
          "rotation_matrix": [
            [
              0.99999999999999978,
              6.11490025281844E-17,
              -5.1023279591452835E-17
            ],
            [
              -1.0653443082271087E-16,
              -2.4207037706555768E-30,
              -0.99999999999999989
            ],
            [
              -6.1149002528177027E-17,
              1.0,
              -3.254051234036673E-30
            ]
          ],
          "translation_cm": [
            -105.99999999999849,
            182.35000000000002,
            -2.5535129566378312E-15
          ]
        }
      },
      {
        "node_id": "1631079905-M1:1",
        "file_name": "E:\\Phase 1\\New-Assemblies\\PRANA - Assembly Automation\\Assembly 5\\1631079905-M1.ipt",
        "component_type": "kPartDocumentObject",
        "grounded": false,
        "suppressed": false,
        "visible": true,
        "adaptive": false,
        "flexible": false,
        "dof_translation": 0,
        "dof_rotation": 0,
        "fully_constrained": true,
        "transform": {
          "rotation_matrix": [
            [
              0.99999999999999922,
              6.11490025281847E-17,
              -5.10232795914528E-17
            ],
            [
              -1.0653443082271162E-16,
              -2.5193113838082018E-30,
              -0.99999999999999933
            ],
            [
              -6.1149002528175806E-17,
              1.0,
              -3.2540512340366716E-30
            ]
          ],
          "translation_cm": [
            -105.99999999999842,
            138.20000000000002,
            -2.5535129566374104E-15
          ]
        }
      },
      {
        "node_id": "0129327055-M2:1",
        "file_name": "E:\\Phase 1\\New-Assemblies\\PRANA - Assembly Automation\\Assembly 5\\0129327055-M2.ipt",
        "component_type": "kPartDocumentObject",
        "grounded": false,
        "suppressed": false,
        "visible": true,
        "adaptive": false,
        "flexible": false,
        "dof_translation": 0,
        "dof_rotation": 1,
        "fully_constrained": false,
        "transform": {
          "rotation_matrix": [
            [
              0.15778802071645895,
              -9.3045290877333454E-16,
              -0.98747300748850031
            ],
            [
              -0.98747300748849831,
              -4.7179426874739325E-16,
              -0.15778802071645878
            ],
            [
              1.0992935255215474E-16,
              1.0000000000000009,
              -1.0266132173715509E-15
            ]
          ],
          "translation_cm": [
            -104.99999999999829,
            62.949999999999996,
            0.14999999999989219
          ]
        }
      },
      {
        "node_id": "0298100091-M2:1",
        "file_name": "E:\\Phase 1\\New-Assemblies\\PRANA - Assembly Automation\\Assembly 5\\0298100091-M2.ipt",
        "component_type": "kPartDocumentObject",
        "grounded": false,
        "suppressed": false,
        "visible": true,
        "adaptive": false,
        "flexible": false,
        "dof_translation": 0,
        "dof_rotation": 0,
        "fully_constrained": true,
        "transform": {
          "rotation_matrix": [
            [
              1.0000000000000056,
              -8.1601392309949337E-15,
              8.53748864094571E-16
            ],
            [
              -8.3821838359199666E-15,
              -1.0000000000000053,
              5.1244771167826676E-17
            ],
            [
              9.03768194887798E-16,
              -1.0674274123771962E-29,
              -1.0000000000000007
            ]
          ],
          "translation_cm": [
            -49.014399999997927,
            118.63975299461644,
            -0.097000000000044717
          ]
        }
      },
      {
        "node_id": "0298100091-M2:2",
        "file_name": "E:\\Phase 1\\New-Assemblies\\PRANA - Assembly Automation\\Assembly 5\\0298100091-M2.ipt",
        "component_type": "kPartDocumentObject",
        "grounded": false,
        "suppressed": false,
        "visible": true,
        "adaptive": false,
        "flexible": false,
        "dof_translation": 0,
        "dof_rotation": 0,
        "fully_constrained": true,
        "transform": {
          "rotation_matrix": [
            [
              1.0000000000000024,
              4.1633363423443377E-14,
              8.9126336218946885E-16
            ],
            [
              4.102274075989954E-14,
              -1.0000000000000024,
              2.9523663843842592E-30
            ],
            [
              8.9126336218946589E-16,
              3.3852240229997289E-29,
              -1.0000000000000013
            ]
          ],
          "translation_cm": [
            -30.814399999997455,
            118.6397529946167,
            -0.097000000000027911
          ]
        }
      },
      {
        "node_id": "0298100091-M2:5",
        "file_name": "E:\\Phase 1\\New-Assemblies\\PRANA - Assembly Automation\\Assembly 5\\0298100091-M2.ipt",
        "component_type": "kPartDocumentObject",
        "grounded": false,
        "suppressed": false,
        "visible": true,
        "adaptive": false,
        "flexible": false,
        "dof_translation": 0,
        "dof_rotation": 0,
        "fully_constrained": true,
        "transform": {
          "rotation_matrix": [
            [
              -0.99999999999999778,
              3.4139358007223425E-14,
              -3.1138988978924348E-15
            ],
            [
              3.5804692544161172E-14,
              0.99999999999999689,
              8.5624713266983572E-16
            ],
            [
              3.9928459477090045E-15,
              -1.3304369446399263E-28,
              -0.99999999999999989
            ]
          ],
          "translation_cm": [
            -62.069999999998608,
            77.797752994616374,
            -0.096999999999764719
          ]
        }
      },
      {
        "node_id": "0298100091-M2:6",
        "file_name": "E:\\Phase 1\\New-Assemblies\\PRANA - Assembly Automation\\Assembly 5\\0298100091-M2.ipt",
        "component_type": "kPartDocumentObject",
        "grounded": false,
        "suppressed": false,
        "visible": true,
        "adaptive": false,
        "flexible": false,
        "dof_translation": 0,
        "dof_rotation": 0,
        "fully_constrained": true,
        "transform": {
          "rotation_matrix": [
            [
              -0.99999999999999989,
              -1.2823075934420566E-14,
              1.7313865149809488E-15
            ],
            [
              -1.387778780781445E-14,
              1.0000000000000011,
              7.2948859119831418E-17
            ],
            [
              -1.7533682277438273E-15,
              -1.9321668738473662E-29,
              -0.99999999999999967
            ]
          ],
          "translation_cm": [
            -62.070000000000384,
            66.797752994615067,
            -0.097000000000107
          ]
        }
      },
      {
        "node_id": "0298100115-M1:1",
        "file_name": "E:\\Phase 1\\New-Assemblies\\PRANA - Assembly Automation\\Assembly 5\\0298100115-M1.ipt",
        "component_type": "kPartDocumentObject",
        "grounded": false,
        "suppressed": false,
        "visible": true,
        "adaptive": false,
        "flexible": false,
        "dof_translation": 0,
        "dof_rotation": 0,
        "fully_constrained": true,
        "transform": {
          "rotation_matrix": [
            [
              -0.99999999999999956,
              -4.2528274189278312E-16,
              -1.7610954252451588E-15
            ],
            [
              4.2528274189278312E-16,
              -0.99999999999999956,
              -6.4669462271348241E-31
            ],
            [
              -1.7610954252451592E-15,
              -4.0416407366572885E-30,
              1.0
            ]
          ],
          "translation_cm": [
            -95.799999999996857,
            58.359738560230085,
            -0.097000000000166856
          ]
        }
      },
      {
        "node_id": "0298100115-M1:2",
        "file_name": "E:\\Phase 1\\New-Assemblies\\PRANA - Assembly Automation\\Assembly 5\\0298100115-M1.ipt",
        "component_type": "kPartDocumentObject",
        "grounded": false,
        "suppressed": false,
        "visible": true,
        "adaptive": false,
        "flexible": false,
        "dof_translation": 0,
        "dof_rotation": 0,
        "fully_constrained": true,
        "transform": {
          "rotation_matrix": [
            [
              0.49999999999993411,
              0.86602540378447679,
              -1.0063402429972406E-15
            ],
            [
              -0.86602540378447679,
              0.49999999999993411,
              -1.7185535220766923E-30
            ],
            [
              5.0317012149855353E-16,
              8.7151621528625918E-16,
              1.0
            ]
          ],
          "translation_cm": [
            -63.999999999997335,
            39.999999999999957,
            -0.097000000000064437
          ]
        }
      },
      {
        "node_id": "0298100115-M1:3",
        "file_name": "E:\\Phase 1\\New-Assemblies\\PRANA - Assembly Automation\\Assembly 5\\0298100115-M1.ipt",
        "component_type": "kPartDocumentObject",
        "grounded": false,
        "suppressed": false,
        "visible": true,
        "adaptive": false,
        "flexible": false,
        "dof_translation": 0,
        "dof_rotation": 0,
        "fully_constrained": true,
        "transform": {
          "rotation_matrix": [
            [
              -0.50000000000001732,
              -0.866025403784429,
              -1.7610954252451401E-15
            ],
            [
              0.866025403784429,
              -0.50000000000001732,
              -2.477198592852076E-30
            ],
            [
              -8.8054771262260545E-16,
              -1.5251533767508479E-15,
              1.0
            ]
          ],
          "translation_cm": [
            -95.799999999997368,
            21.640261439768267,
            -0.097000000000166856
          ]
        }
      },
      {
        "node_id": "0298100091-M2:7",
        "file_name": "E:\\Phase 1\\New-Assemblies\\PRANA - Assembly Automation\\Assembly 5\\0298100091-M2.ipt",
        "component_type": "kPartDocumentObject",
        "grounded": false,
        "suppressed": false,
        "visible": true,
        "adaptive": false,
        "flexible": false,
        "dof_translation": 0,
        "dof_rotation": 0,
        "fully_constrained": true,
        "transform": {
          "rotation_matrix": [
            [
              0.50000000000002942,
              0.86602540378442383,
              1.3039685654700211E-15
            ],
            [
              0.86602540378442383,
              -0.50000000000002942,
              -1.6510551077143156E-30
            ],
            [
              6.5198428273504605E-16,
              1.1292699034333588E-15,
              -1.0
            ]
          ],
          "translation_cm": [
            -10.069999999998608,
            66.797752994616076,
            -0.097000000000012424
          ]
        }
      },
      {
        "node_id": "0298100091-M2:8",
        "file_name": "E:\\Phase 1\\New-Assemblies\\PRANA - Assembly Automation\\Assembly 5\\0298100091-M2.ipt",
        "component_type": "kPartDocumentObject",
        "grounded": false,
        "suppressed": false,
        "visible": true,
        "adaptive": false,
        "flexible": false,
        "dof_translation": 0,
        "dof_rotation": 0,
        "fully_constrained": true,
        "transform": {
          "rotation_matrix": [
            [
              -0.500000000000014,
              0.8660254037844316,
              4.1108359805171779E-16
            ],
            [
              0.8660254037844316,
              0.500000000000014,
              4.6375632969570762E-31
            ],
            [
              -2.0554179902586289E-16,
              3.5600883899189947E-16,
              -1.0
            ]
          ],
          "translation_cm": [
            -10.079999999998341,
            77.815073502692371,
            -0.097000000000005679
          ]
        }
      },
      {
        "node_id": "0298100091-M2:9",
        "file_name": "E:\\Phase 1\\New-Assemblies\\PRANA - Assembly Automation\\Assembly 5\\0298100091-M2.ipt",
        "component_type": "kPartDocumentObject",
        "grounded": false,
        "suppressed": false,
        "visible": true,
        "adaptive": false,
        "flexible": false,
        "dof_translation": 0,
        "dof_rotation": 0,
        "fully_constrained": true,
        "transform": {
          "rotation_matrix": [
            [
              0.49999999999999911,
              0.8660254037844376,
              -4.7387042948499676E-15
            ],
            [
              0.866025403784438,
              -0.50000000000000011,
              -6.226310965966028E-17
            ],
            [
              -2.1110080000657606E-15,
              -3.6563731112982687E-15,
              -0.99999999999999956
            ]
          ],
          "translation_cm": [
            -36.079999999998314,
            71.326620508076132,
            -0.096999999999860767
          ]
        }
      },
      {
        "node_id": "1631079903-M1:5",
        "file_name": "E:\\Phase 1\\New-Assemblies\\PRANA - Assembly Automation\\Assembly 5\\1631079903-M1.ipt",
        "component_type": "kPartDocumentObject",
        "grounded": false,
        "suppressed": false,
        "visible": true,
        "adaptive": false,
        "flexible": false,
        "dof_translation": 0,
        "dof_rotation": 0,
        "fully_constrained": true,
        "transform": {
          "rotation_matrix": [
            [
              1.1214604853313349E-16,
              4.6225809227551845E-30,
              1.0000000000000007
            ],
            [
              -1.0000000000000007,
              -3.061515884555921E-16,
              1.1214604853313349E-16
            ],
            [
              3.06151588455591E-16,
              -1.0,
              -1.6351818418805518E-32
            ]
          ],
          "translation_cm": [
            -108.19999999999841,
            114.00000000000003,
            -0.3000000000000026
          ]
        }
      },
      {
        "node_id": "0298100091-M2:10",
        "file_name": "E:\\Phase 1\\New-Assemblies\\PRANA - Assembly Automation\\Assembly 5\\0298100091-M2.ipt",
        "component_type": "kPartDocumentObject",
        "grounded": false,
        "suppressed": false,
        "visible": true,
        "adaptive": false,
        "flexible": false,
        "dof_translation": 0,
        "dof_rotation": 0,
        "fully_constrained": true,
        "transform": {
          "rotation_matrix": [
            [
              -0.50000000000000455,
              -0.86602540378443615,
              2.5894934118675513E-15
            ],
            [
              -0.8660254037844356,
              0.50000000000000488,
              -5.6053479776218436E-17
            ],
            [
              -1.0040589860037636E-15,
              -1.7390811775545795E-15,
              -1.0000000000000004
            ]
          ],
          "translation_cm": [
            -39.909999999997588,
            129.99422649730764,
            -0.097000000000077746
          ]
        }
      },
      {
        "node_id": "1079992372-M1:1",
        "file_name": "E:\\Phase 1\\New-Assemblies\\PRANA - Assembly Automation\\Assembly 5\\1079992372-M1.ipt",
        "component_type": "kPartDocumentObject",
        "grounded": false,
        "suppressed": false,
        "visible": true,
        "adaptive": false,
        "flexible": false,
        "dof_translation": 0,
        "dof_rotation": 0,
        "fully_constrained": true,
        "transform": {
          "rotation_matrix": [
            [
              -5.1023279591453438E-17,
              0.99999999999999234,
              -2.1403659124645321E-15
            ],
            [
              -0.99999999999999512,
              -3.1457699607340704E-15,
              -5.5617389337208811E-16
            ],
            [
              -3.2754471028931163E-30,
              1.0055453462479424E-15,
              0.99999999999999933
            ]
          ],
          "translation_cm": [
            -98.599999999998474,
            17.70000000000022,
            -9.91864207310661E-14
          ]
        }
      },
      {
        "node_id": "0129327055-M2:2",
        "file_name": "E:\\Phase 1\\New-Assemblies\\PRANA - Assembly Automation\\Assembly 5\\0129327055-M2.ipt",
        "component_type": "kPartDocumentObject",
        "grounded": false,
        "suppressed": false,
        "visible": true,
        "adaptive": false,
        "flexible": false,
        "dof_translation": 0,
        "dof_rotation": 1,
        "fully_constrained": false,
        "transform": {
          "rotation_matrix": [
            [
              0.87040215404998889,
              1.3452796674864611E-16,
              -0.49234143663228214
            ],
            [
              -0.49234143663228186,
              1.7661875583224855E-16,
              -0.87040215404998944
            ],
            [
              -7.8651066373583269E-17,
              1.0000000000000002,
              1.3879986881824879E-17
            ]
          ],
          "translation_cm": [
            -104.99999999999849,
            144.29999999999998,
            0.14999999999999744
          ]
        }
      },
      {
        "node_id": "0129327055-M2:3",
        "file_name": "E:\\Phase 1\\New-Assemblies\\PRANA - Assembly Automation\\Assembly 5\\0129327055-M2.ipt",
        "component_type": "kPartDocumentObject",
        "grounded": false,
        "suppressed": false,
        "visible": true,
        "adaptive": false,
        "flexible": false,
        "dof_translation": 0,
        "dof_rotation": 1,
        "fully_constrained": false,
        "transform": {
          "rotation_matrix": [
            [
              -0.92508082263090008,
              -1.1023890463266617E-16,
              0.37977028793802847
            ],
            [
              0.37977028793802831,
              -2.2196678033960984E-16,
              0.92508082263090086
            ],
            [
              -6.5600069680437521E-17,
              1.0000000000000013,
              -3.6950525091404334E-19
            ]
          ],
          "translation_cm": [
            -104.99999999999849,
            179.89999999999998,
            0.14999999999999744
          ]
        }
      },
      {
        "node_id": "0129327055-M2:4",
        "file_name": "E:\\Phase 1\\New-Assemblies\\PRANA - Assembly Automation\\Assembly 5\\0129327055-M2.ipt",
        "component_type": "kPartDocumentObject",
        "grounded": false,
        "suppressed": false,
        "visible": true,
        "adaptive": false,
        "flexible": false,
        "dof_translation": 0,
        "dof_rotation": 1,
        "fully_constrained": false,
        "transform": {
          "rotation_matrix": [
            [
              -0.23710349321685009,
              1.6653345369377348E-15,
              0.97148439694334265
            ],
            [
              0.9714843969433411,
              -7.0539495208877145E-16,
              0.23710349321685373
            ],
            [
              -1.8952502878499796E-17,
              0.99999999999999756,
              -1.4406261301961377E-16
            ]
          ],
          "translation_cm": [
            -104.99999999999849,
            162.09999999999997,
            0.1499999999999975
          ]
        }
      },
      {
        "node_id": "0129327055-M2:5",
        "file_name": "E:\\Phase 1\\New-Assemblies\\PRANA - Assembly Automation\\Assembly 5\\0129327055-M2.ipt",
        "component_type": "kPartDocumentObject",
        "grounded": false,
        "suppressed": false,
        "visible": true,
        "adaptive": false,
        "flexible": false,
        "dof_translation": 0,
        "dof_rotation": 1,
        "fully_constrained": false,
        "transform": {
          "rotation_matrix": [
            [
              -0.67390376361748494,
              -5.5511151231257642E-17,
              0.73881913712504232
            ],
            [
              0.73881913712503866,
              3.62469450349734E-16,
              0.67390376361748827
            ],
            [
              8.1739584568055463E-17,
              1.000000000000002,
              -1.4893876431843203E-16
            ]
          ],
          "translation_cm": [
            -104.99999999999839,
            115.64999999999989,
            0.1499999999999975
          ]
        }
      },
      {
        "node_id": "0129327055-M2:6",
        "file_name": "E:\\Phase 1\\New-Assemblies\\PRANA - Assembly Automation\\Assembly 5\\0129327055-M2.ipt",
        "component_type": "kPartDocumentObject",
        "grounded": false,
        "suppressed": false,
        "visible": true,
        "adaptive": false,
        "flexible": false,
        "dof_translation": 0,
        "dof_rotation": 1,
        "fully_constrained": false,
        "transform": {
          "rotation_matrix": [
            [
              0.25889107186811189,
              -1.7763568394002505E-15,
              0.96590652389710308
            ],
            [
              0.9659065238971003,
              1.1983377066951316E-15,
              -0.25889107186811366
            ],
            [
              -3.3384531247145091E-17,
              1.0000000000000009,
              7.7336148449514173E-17
            ]
          ],
          "translation_cm": [
            -104.99999999999842,
            75.65,
            0.1499999999999975
          ]
        }
      },
      {
        "node_id": "0129327055-M2:7",
        "file_name": "E:\\Phase 1\\New-Assemblies\\PRANA - Assembly Automation\\Assembly 5\\0129327055-M2.ipt",
        "component_type": "kPartDocumentObject",
        "grounded": false,
        "suppressed": false,
        "visible": true,
        "adaptive": false,
        "flexible": false,
        "dof_translation": 0,
        "dof_rotation": 1,
        "fully_constrained": false,
        "transform": {
          "rotation_matrix": [
            [
              0.044240070750876694,
              -4.6893740466339133E-16,
              -0.99902092877975246
            ],
            [
              -0.99902092877975146,
              6.102106600592747E-16,
              -0.044240070750876818
            ],
            [
              -8.3292169216241312E-18,
              0.99999999999999944,
              -1.0338778307878795E-15
            ]
          ],
          "translation_cm": [
            -104.99999999999835,
            35.399999999999984,
            0.14999999999989214
          ]
        }
      },
      {
        "node_id": "0129327055-M2:8",
        "file_name": "E:\\Phase 1\\New-Assemblies\\PRANA - Assembly Automation\\Assembly 5\\0129327055-M2.ipt",
        "component_type": "kPartDocumentObject",
        "grounded": false,
        "suppressed": false,
        "visible": true,
        "adaptive": false,
        "flexible": false,
        "dof_translation": 0,
        "dof_rotation": 1,
        "fully_constrained": false,
        "transform": {
          "rotation_matrix": [
            [
              0.12620336771925145,
              -7.8073169333460119E-16,
              0.9920043900993184
            ],
            [
              0.99200439009931751,
              -4.71282281403806E-16,
              -0.12620336771925117
            ],
            [
              7.304375779796742E-17,
              0.99999999999999989,
              9.9949736715107386E-16
            ]
          ],
          "translation_cm": [
            -104.99999999999844,
            7.8499999999999712,
            0.14999999999989214
          ]
        }
      },
      {
        "node_id": "0298100114-M1:1",
        "file_name": "E:\\Phase 1\\New-Assemblies\\PRANA - Assembly Automation\\Assembly 5\\0298100114-M1.ipt",
        "component_type": "kPartDocumentObject",
        "grounded": false,
        "suppressed": false,
        "visible": true,
        "adaptive": false,
        "flexible": false,
        "dof_translation": 0,
        "dof_rotation": 0,
        "fully_constrained": true,
        "transform": {
          "rotation_matrix": [
            [
              1.0000000000000002,
              -8.0935258495173912E-14,
              1.34106353887572E-29
            ],
            [
              8.0935258495173912E-14,
              1.0000000000000002,
              -4.2914813969635828E-30
            ],
            [
              1.3410635388764064E-29,
              3.3054052654362642E-30,
              1.0
            ]
          ],
          "translation_cm": [
            -99.499999999998479,
            3.0000000000000111,
            -0.097000000000002556
          ]
        }
      },
      {
        "node_id": "0298100114-M1:2",
        "file_name": "E:\\Phase 1\\New-Assemblies\\PRANA - Assembly Automation\\Assembly 5\\0298100114-M1.ipt",
        "component_type": "kPartDocumentObject",
        "grounded": false,
        "suppressed": false,
        "visible": true,
        "adaptive": false,
        "flexible": false,
        "dof_translation": 0,
        "dof_rotation": 0,
        "fully_constrained": true,
        "transform": {
          "rotation_matrix": [
            [
              0.99999999999999667,
              -3.8857805861880361E-15,
              -2.95822839457879E-30
            ],
            [
              3.8857805861880361E-15,
              0.99999999999999667,
              -3.3547090720136635E-30
            ],
            [
              -2.7610131682735084E-30,
              3.2561014588610384E-30,
              1.0
            ]
          ],
          "translation_cm": [
            -11.499999999998275,
            2.9999999999999747,
            -0.097000000000002556
          ]
        }
      },
      {
        "node_id": "0298100114-M1:3",
        "file_name": "E:\\Phase 1\\New-Assemblies\\PRANA - Assembly Automation\\Assembly 5\\0298100114-M1.ipt",
        "component_type": "kPartDocumentObject",
        "grounded": false,
        "suppressed": false,
        "visible": true,
        "adaptive": false,
        "flexible": false,
        "dof_translation": 0,
        "dof_rotation": 0,
        "fully_constrained": true,
        "transform": {
          "rotation_matrix": [
            [
              0.86602540378446335,
              0.49999999999996159,
              -1.3482402771099915E-16
            ],
            [
              -0.49999999999996159,
              0.86602540378446335,
              9.8849389680310442E-31
            ],
            [
              1.1676103303825783E-16,
              6.7412013855493582E-17,
              1.0
            ]
          ],
          "translation_cm": [
            -103.90499999999852,
            67.802886751345881,
            -0.097000000000016254
          ]
        }
      },
      {
        "node_id": "0298100114-M1:4",
        "file_name": "E:\\Phase 1\\New-Assemblies\\PRANA - Assembly Automation\\Assembly 5\\0298100114-M1.ipt",
        "component_type": "kPartDocumentObject",
        "grounded": false,
        "suppressed": false,
        "visible": true,
        "adaptive": false,
        "flexible": false,
        "dof_translation": 0,
        "dof_rotation": 0,
        "fully_constrained": true,
        "transform": {
          "rotation_matrix": [
            [
              0.86602540378446313,
              0.49999999999996164,
              -1.3482402771099912E-16
            ],
            [
              -0.49999999999996164,
              0.86602540378446313,
              1.16412282335087E-30
            ],
            [
              1.1676103303825812E-16,
              6.7412013855493779E-17,
              1.0
            ]
          ],
          "translation_cm": [
            -103.90499999999852,
            71.3028867513459,
            -0.097000000000016212
          ]
        }
      },
      {
        "node_id": "0298100114-M1:5",
        "file_name": "E:\\Phase 1\\New-Assemblies\\PRANA - Assembly Automation\\Assembly 5\\0298100114-M1.ipt",
        "component_type": "kPartDocumentObject",
        "grounded": false,
        "suppressed": false,
        "visible": true,
        "adaptive": false,
        "flexible": false,
        "dof_translation": 0,
        "dof_rotation": 0,
        "fully_constrained": true,
        "transform": {
          "rotation_matrix": [
            [
              0.99999999999999956,
              -2.0317081350640355E-14,
              1.1832913578315167E-30
            ],
            [
              2.0317081350640355E-14,
              0.99999999999999956,
              -2.2700253273347726E-30
            ],
            [
              7.8886090522149543E-31,
              3.25610145886102E-30,
              1.0
            ]
          ],
          "translation_cm": [
            -94.539999999998386,
            95.850000000000037,
            -0.097000000000002556
          ]
        }
      },
      {
        "node_id": "0298100114-M1:6",
        "file_name": "E:\\Phase 1\\New-Assemblies\\PRANA - Assembly Automation\\Assembly 5\\0298100114-M1.ipt",
        "component_type": "kPartDocumentObject",
        "grounded": false,
        "suppressed": false,
        "visible": true,
        "adaptive": false,
        "flexible": false,
        "dof_translation": 0,
        "dof_rotation": 0,
        "fully_constrained": true,
        "transform": {
          "rotation_matrix": [
            [
              1.0000000000000149,
              -3.669287096386184E-14,
              1.3213420162452046E-29
            ],
            [
              3.669287096386184E-14,
              1.0000000000000149,
              -3.2067976522847791E-30
            ],
            [
              3.5498740734960315E-30,
              3.2067976522846411E-30,
              1.0
            ]
          ],
          "translation_cm": [
            -78.039999999998358,
            104.35000000000008,
            -0.097000000000002556
          ]
        }
      },
      {
        "node_id": "0298100114-M1:7",
        "file_name": "E:\\Phase 1\\New-Assemblies\\PRANA - Assembly Automation\\Assembly 5\\0298100114-M1.ipt",
        "component_type": "kPartDocumentObject",
        "grounded": false,
        "suppressed": false,
        "visible": true,
        "adaptive": false,
        "flexible": false,
        "dof_translation": 0,
        "dof_rotation": 0,
        "fully_constrained": true,
        "transform": {
          "rotation_matrix": [
            [
              1.0000000000000007,
              -1.4765966227514588E-14,
              5.91645678915759E-31
            ],
            [
              1.4765966227514588E-14,
              1.0000000000000007,
              -8.89518743197963E-31
            ],
            [
              5.9164567891602755E-31,
              3.3547090720136586E-30,
              1.0
            ]
          ],
          "translation_cm": [
            -94.539999999998329,
            136.85000000000002,
            -0.097000000000002556
          ]
        }
      },
      {
        "node_id": "0298100114-M1:8",
        "file_name": "E:\\Phase 1\\New-Assemblies\\PRANA - Assembly Automation\\Assembly 5\\0298100114-M1.ipt",
        "component_type": "kPartDocumentObject",
        "grounded": false,
        "suppressed": false,
        "visible": true,
        "adaptive": false,
        "flexible": false,
        "dof_translation": 0,
        "dof_rotation": 0,
        "fully_constrained": true,
        "transform": {
          "rotation_matrix": [
            [
              0.99999999999999878,
              2.9531932455029126E-14,
              -9.8607613152626371E-31
            ],
            [
              -2.9531932455029126E-14,
              0.99999999999999878,
              -1.9248986813005652E-30
            ],
            [
              -7.29696337329358E-30,
              3.4533166851660734E-30,
              1.0
            ]
          ],
