{
  "assembly_metadata": {
    "assembly_name": "1830149477-M1.iam",
    "full_file_name": "E:\\Phase 1\\New-Assemblies\\PRANA - Assembly Automation\\Assembly 19\\Workspaces\\1830149477-M1\\1830149477-M1.iam",
    "internal_name": "{8FD1CBF7-4A11-283A-6B4A-EF8EB0AAEE84}",
    "total_occurrences": 49,
    "total_constraints": 144
  },
  "physics": {
    "mass_kg": 55.634783643768685,
    "center_of_mass": [
      67.7745514004704,
      -50.236954133120356,
      -3.8794863518421532
    ],
    "inertia_tensor": [
      53857.916447039424,
      99184.268885453348,
      150763.93139552968,
      -13.047191488206387,
      -18.920934624575079,
      71.93282759118452
    ]
  },
  "assembly_graph": {
    "nodes": [
      {
        "node_id": "0298100114-M1.ipt:2",
        "file_name": "E:\\Phase 1\\New-Assemblies\\PRANA - Assembly Automation\\Assembly 19\\Workspaces\\1830149477-M1\\0298100114-M1.ipt",
        "component_type": "kPartDocumentObject",
        "grounded": false,
        "suppressed": false,
        "visible": true,
        "adaptive": false,
        "flexible": false,
        "dof_translation": 0,
        "dof_rotation": 0,
        "fully_constrained": true,
        "transform": {
          "rotation_matrix": [
            [
              0.50000017484375,
              -0.866025302838117,
              2.75304675208217E-14
            ],
            [
              0.866025302838117,
              0.50000017484375,
              -5.88969430909639E-17
            ],
            [
              -1.37142323309356E-14,
              2.38715299538152E-14,
              1.0
            ]
          ],
          "translation_cm": [
            10.09,
            -83.6,
            -0.097
          ]
        }
      },
      {
        "node_id": "0298100114-M1.ipt:4",
        "file_name": "E:\\Phase 1\\New-Assemblies\\PRANA - Assembly Automation\\Assembly 19\\Workspaces\\1830149477-M1\\0298100114-M1.ipt",
        "component_type": "kPartDocumentObject",
        "grounded": false,
        "suppressed": false,
        "visible": true,
        "adaptive": false,
        "flexible": false,
        "dof_translation": 0,
        "dof_rotation": 0,
        "fully_constrained": true,
        "transform": {
          "rotation_matrix": [
            [
              0.49999999999989808,
              -0.86602540378428516,
              2.753046752082113E-14
            ],
            [
              0.86602540378428516,
              0.49999999999989808,
              -5.8883905202010644E-17
            ],
            [
              -1.3714238802602502E-14,
              2.3871526203666209E-14,
              1.0
            ]
          ],
          "translation_cm": [
            26.965000000000643,
            -73.857214207424889,
            -0.096999999999999878
          ]
        }
      },
      {
        "node_id": "0298100114-M1.ipt:5",
        "file_name": "E:\\Phase 1\\New-Assemblies\\PRANA - Assembly Automation\\Assembly 19\\Workspaces\\1830149477-M1\\0298100114-M1.ipt",
        "component_type": "kPartDocumentObject",
        "grounded": false,
        "suppressed": false,
        "visible": true,
        "adaptive": false,
        "flexible": false,
        "dof_translation": 0,
        "dof_rotation": 0,
        "fully_constrained": true,
        "transform": {
          "rotation_matrix": [
            [
              0.49999999999989808,
              -0.86602540378428516,
              2.753046752082113E-14
            ],
            [
              0.86602540378428516,
              0.49999999999989808,
              -5.8883905199071928E-17
            ],
            [
              -1.3714238802602502E-14,
              2.3871526203666209E-14,
              1.0
            ]
          ],
          "translation_cm": [
            26.965000000001382,
            -93.34278579257483,
            -0.09700000000000103
          ]
        }
      },
      {
        "node_id": "0298100114-M1.ipt:6",
        "file_name": "E:\\Phase 1\\New-Assemblies\\PRANA - Assembly Automation\\Assembly 19\\Workspaces\\1830149477-M1\\0298100114-M1.ipt",
        "component_type": "kPartDocumentObject",
        "grounded": false,
        "suppressed": false,
        "visible": true,
        "adaptive": false,
        "flexible": false,
        "dof_translation": 0,
        "dof_rotation": 0,
        "fully_constrained": true,
        "transform": {
          "rotation_matrix": [
            [
              0.49999999999989808,
              -0.86602540378428516,
              2.753046752082113E-14
            ],
            [
              0.86602540378428516,
              0.49999999999989808,
              -5.8883905202010644E-17
            ],
            [
              -1.3714238802602502E-14,
              2.3871526203666209E-14,
              1.0
            ]
          ],
          "translation_cm": [
            33.940000000000261,
            -73.849999999999739,
            -0.096999999999998726
          ]
        }
      },
      {
        "node_id": "0298100114-M1.ipt:7",
        "file_name": "E:\\Phase 1\\New-Assemblies\\PRANA - Assembly Automation\\Assembly 19\\Workspaces\\1830149477-M1\\0298100114-M1.ipt",
        "component_type": "kPartDocumentObject",
        "grounded": false,
        "suppressed": false,
        "visible": true,
        "adaptive": false,
        "flexible": false,
        "dof_translation": 0,
        "dof_rotation": 0,
        "fully_constrained": true,
        "transform": {
          "rotation_matrix": [
            [
              0.017268445839850884,
              -0.99985088927211541,
              5.4231993677570845E-14
            ],
            [
              0.99985088927211541,
              0.017268445839850884,
              -5.8892094007280734E-17
            ],
            [
              -8.7761893304345569E-16,
              5.4224924080456768E-14,
              1.0
            ]
          ],
          "translation_cm": [
            93.4000000000015,
            -94.999999999998934,
            -0.096999999999990164
          ]
        }
      },
      {
        "node_id": "0298100114-M1.ipt:8",
        "file_name": "E:\\Phase 1\\New-Assemblies\\PRANA - Assembly Automation\\Assembly 19\\Workspaces\\1830149477-M1\\0298100114-M1.ipt",
        "component_type": "kPartDocumentObject",
        "grounded": false,
        "suppressed": false,
        "visible": true,
        "adaptive": false,
        "flexible": false,
        "dof_translation": 0,
        "dof_rotation": 0,
        "fully_constrained": true,
        "transform": {
          "rotation_matrix": [
            [
              0.857262047186133,
              0.51488035741722427,
              7.79906199434707E-15
            ],
            [
              -0.51488035741722427,
              0.857262047186133,
              -5.889174361782696E-17
            ],
            [
              -6.7161620534088647E-15,
              -3.9650981704741843E-15,
              1.0
            ]
          ],
          "translation_cm": [
            93.400000000000574,
            -63.14999999999894,
            -0.096999999999988262
          ]
        }
      },
      {
        "node_id": "0298100114-M1.ipt:9",
        "file_name": "E:\\Phase 1\\New-Assemblies\\PRANA - Assembly Automation\\Assembly 19\\Workspaces\\1830149477-M1\\0298100114-M1.ipt",
        "component_type": "kPartDocumentObject",
        "grounded": false,
        "suppressed": false,
        "visible": true,
        "adaptive": false,
        "flexible": false,
        "dof_translation": 0,
        "dof_rotation": 0,
        "fully_constrained": true,
        "transform": {
          "rotation_matrix": [
            [
              0.866025403784285,
              0.49999999999989841,
              7.3767628334356043E-15
            ],
            [
              -0.49999999999989841,
              0.866025403784285,
              -5.8887974087941135E-17
            ],
            [
              -6.4179079984948374E-15,
              -3.6373829351787119E-15,
              1.0
            ]
          ],
          "translation_cm": [
            130.10000000000036,
            -63.150000000000091,
            -0.096999999999982184
          ]
        }
      },
      {
        "node_id": "0298100114-M1.ipt:15",
        "file_name": "E:\\Phase 1\\New-Assemblies\\PRANA - Assembly Automation\\Assembly 19\\Workspaces\\1830149477-M1\\0298100114-M1.ipt",
        "component_type": "kPartDocumentObject",
        "grounded": false,
        "suppressed": false,
        "visible": true,
        "adaptive": false,
        "flexible": false,
        "dof_translation": 0,
        "dof_rotation": 0,
        "fully_constrained": true,
        "transform": {
          "rotation_matrix": [
            [
              -0.86602540378425275,
              -0.4999999999999542,
              -7.7075909242477234E-15
            ],
            [
              0.4999999999999542,
              -0.86602540378425275,
              -5.8891019503168433E-17
            ],
            [
              -6.6455240326238366E-15,
              -3.9047965810700651E-15,
              1.0
            ]
          ],
          "translation_cm": [
            132.74999999998897,
            -95.000000000005485,
            -0.0969999999989824
          ]
        }
      },
      {
        "node_id": "0298100042-M1-00.ipt:16",
        "file_name": "E:\\Phase 1\\New-Assemblies\\PRANA - Assembly Automation\\Assembly 19\\Workspaces\\1830149477-M1\\0298100042-M1-00.ipt",
        "component_type": "kPartDocumentObject",
        "grounded": false,
        "suppressed": false,
        "visible": true,
        "adaptive": false,
        "flexible": false,
        "dof_translation": 0,
        "dof_rotation": 0,
        "fully_constrained": true,
        "transform": {
          "rotation_matrix": [
            [
              0.49999999999991235,
              0.86602540378427717,
              -2.0676587566598513E-16
            ],
            [
              -0.86602540378427717,
              0.49999999999991235,
              -5.8889488448944264E-17
            ],
            [
              5.2383144820316826E-17,
              2.0850924518676693E-16,
              1.0
            ]
          ],
          "translation_cm": [
            34.5854000000003,
            -23.949999999999815,
            -0.079999999999994284
          ]
        }
      },
      {
        "node_id": "0298100042-M1-00.ipt:17",
        "file_name": "E:\\Phase 1\\New-Assemblies\\PRANA - Assembly Automation\\Assembly 19\\Workspaces\\1830149477-M1\\0298100042-M1-00.ipt",
        "component_type": "kPartDocumentObject",
        "grounded": false,
        "suppressed": false,
        "visible": true,
        "adaptive": false,
        "flexible": false,
        "dof_translation": 0,
        "dof_rotation": 0,
        "fully_constrained": true,
        "transform": {
          "rotation_matrix": [
            [
              -0.99999999999999978,
              2.7144952952085077E-14,
              -1.4473615255552165E-16
            ],
            [
              -2.7144952952085077E-14,
              -0.99999999999999978,
              -5.8889496797756452E-17
            ],
            [
              -1.4473615255552714E-16,
              -5.8889496797755663E-17,
              1.0
            ]
          ],
          "translation_cm": [
            34.585400000000469,
            -46.949999999999818,
            -0.0799999999999978
          ]
        }
      },
      {
        "node_id": "0298100042-M1-00.ipt:18",
        "file_name": "E:\\Phase 1\\New-Assemblies\\PRANA - Assembly Automation\\Assembly 19\\Workspaces\\1830149477-M1\\0298100042-M1-00.ipt",
        "component_type": "kPartDocumentObject",
        "grounded": false,
        "suppressed": false,
        "visible": true,
        "adaptive": false,
        "flexible": false,
        "dof_translation": 0,
        "dof_rotation": 0,
        "fully_constrained": true,
        "transform": {
          "rotation_matrix": [
            [
              -0.49999999999992378,
              -0.86602540378427062,
              -1.2405959341973183E-16
            ],
            [
              0.86602540378427062,
              -0.49999999999992378,
              -5.8889505146753948E-17
            ],
            [
              -1.1029989236367236E-17,
              -1.3688351205758275E-16,
              1.0
            ]
          ],
          "translation_cm": [
            58.785400000000251,
            -19.949999999999491,
            -0.079999999999993909
          ]
        }
      },
      {
        "node_id": "0298100042-M1-00.ipt:19",
        "file_name": "E:\\Phase 1\\New-Assemblies\\PRANA - Assembly Automation\\Assembly 19\\Workspaces\\1830149477-M1\\0298100042-M1-00.ipt",
        "component_type": "kPartDocumentObject",
        "grounded": false,
        "suppressed": false,
        "visible": true,
        "adaptive": false,
        "flexible": false,
        "dof_translation": 0,
        "dof_rotation": 0,
        "fully_constrained": true,
        "transform": {
          "rotation_matrix": [
            [
              0.49999999999994438,
              0.86602540378425885,
              -2.0676585066598516E-16
            ],
            [
              -0.86602540378425885,
              0.49999999999994438,
              -5.8889488448905486E-17
            ],
            [
              5.2383132320305692E-17,
              2.0850922353611047E-16,
              1.0
            ]
          ],
          "translation_cm": [
            58.785400000000536,
            -50.949999999999655,
            -0.07999999999999087
          ]
        }
      },
      {
        "node_id": "0298100042-M1-00.ipt:20",
        "file_name": "E:\\Phase 1\\New-Assemblies\\PRANA - Assembly Automation\\Assembly 19\\Workspaces\\1830149477-M1\\0298100042-M1-00.ipt",
        "component_type": "kPartDocumentObject",
        "grounded": false,
        "suppressed": false,
        "visible": true,
        "adaptive": false,
        "flexible": false,
        "dof_translation": 0,
        "dof_rotation": 0,
        "fully_constrained": true,
        "transform": {
          "rotation_matrix": [
            [
              1.8873791418627655E-14,
              0.99999999999999944,
              -2.370385657543696E-16
            ],
            [
              -0.99999999999999944,
              1.8873791418627655E-14,
              -5.8889496797758227E-17
            ],
            [
              -5.88894967977551E-17,
              2.3703856575437079E-16,
              1.0
            ]
          ],
          "translation_cm": [
            97.4499999999999,
            -26.29999999999858,
            -0.079999999999985458
          ]
        }
      },
      {
        "node_id": "0298100042-M1-00.ipt:21",
        "file_name": "E:\\Phase 1\\New-Assemblies\\PRANA - Assembly Automation\\Assembly 19\\Workspaces\\1830149477-M1\\0298100042-M1-00.ipt",
        "component_type": "kPartDocumentObject",
        "grounded": false,
        "suppressed": false,
        "visible": true,
        "adaptive": false,
        "flexible": false,
        "dof_translation": 0,
        "dof_rotation": 0,
        "fully_constrained": true,
        "transform": {
          "rotation_matrix": [
            [
              -1.9984014443252811E-14,
              -0.99999999999999956,
              -9.3786925801111031E-17
            ],
            [
              0.99999999999999956,
              -1.9984014443252811E-14,
              -5.8889496797764119E-17
            ],
            [
              5.8889496797757684E-17,
              -9.3786925801111967E-17,
              1.0
            ]
          ],
          "translation_cm": [
            97.449999999999747,
            -35.899999999998208,
            -0.079999999999993007
          ]
        }
      },
      {
        "node_id": "0298100042-M1-00.ipt:12",
        "file_name": "E:\\Phase 1\\New-Assemblies\\PRANA - Assembly Automation\\Assembly 19\\Workspaces\\1830149477-M1\\0298100042-M1-00.ipt",
        "component_type": "kPartDocumentObject",
        "grounded": false,
        "suppressed": false,
        "visible": true,
        "adaptive": false,
        "flexible": false,
        "dof_translation": 0,
        "dof_rotation": 0,
        "fully_constrained": true,
        "transform": {
          "rotation_matrix": [
            [
              2.0621155374390677E-14,
              1.0000000000000016,
              -1.6541274577773228E-16
            ],
            [
              -1.0000000000000016,
              2.0621155374390677E-14,
              -5.888949679775925E-17
            ],
            [
              -5.8889496797756242E-17,
              1.6541274577773521E-16,
              1.0
            ]
          ],
          "translation_cm": [
            83.549999999999883,
            -25.499999999999687,
            -0.0799999999999877
          ]
        }
      },
      {
        "node_id": "0298100042-M1-00.ipt:13",
        "file_name": "E:\\Phase 1\\New-Assemblies\\PRANA - Assembly Automation\\Assembly 19\\Workspaces\\1830149477-M1\\0298100042-M1-00.ipt",
        "component_type": "kPartDocumentObject",
        "grounded": false,
        "suppressed": false,
        "visible": true,
        "adaptive": false,
        "flexible": false,
        "dof_translation": 0,
        "dof_rotation": 0,
        "fully_constrained": true,
        "transform": {
          "rotation_matrix": [
            [
              0.86602540378444981,
              0.49999999999998246,
              -2.2161105824479335E-17
            ],
            [
              -0.49999999999998246,
              0.86602540378444981,
              -5.8889496797759546E-17
            ],
            [
              -1.0252667778923877E-17,
              6.2080353155182176E-17,
              1.0
            ]
          ],
          "translation_cm": [
            83.550000000000807,
            -39.899999999998357,
            -0.079999999999988552
          ]
        }
      },
      {
        "node_id": "0298100114-M1.ipt:3",
        "file_name": "E:\\Phase 1\\New-Assemblies\\PRANA - Assembly Automation\\Assembly 19\\Workspaces\\1830149477-M1\\0298100114-M1.ipt",
        "component_type": "kPartDocumentObject",
        "grounded": false,
        "suppressed": false,
        "visible": true,
        "adaptive": false,
        "flexible": false,
        "dof_translation": 0,
        "dof_rotation": 0,
        "fully_constrained": true,
        "transform": {
          "rotation_matrix": [
            [
              -0.86602540378426907,
              0.4999999999999265,
              6.7792731618083465E-32
            ],
            [
              -0.49999999999992639,
              -0.86602540378426907,
              -1.2453685018552616E-31
            ],
            [
              -3.5883254081442132E-33,
              -1.4182070699530987E-31,
              1.0
            ]
          ],
          "translation_cm": [
            1.3500000000005343,
            -50.0000000000002,
            -0.097000000000002709
          ]
        }
      },
      {
        "node_id": "0298100114-M1.ipt:10",
        "file_name": "E:\\Phase 1\\New-Assemblies\\PRANA - Assembly Automation\\Assembly 19\\Workspaces\\1830149477-M1\\0298100114-M1.ipt",
        "component_type": "kPartDocumentObject",
        "grounded": false,
        "suppressed": false,
        "visible": true,
        "adaptive": false,
        "flexible": false,
        "dof_translation": 0,
        "dof_rotation": 0,
        "fully_constrained": true,
        "transform": {
          "rotation_matrix": [
            [
              8.0491169288153355E-16,
              1.0000000000000002,
              2.1674370606290076E-45
            ],
            [
              -1.0000000000000004,
              -4.1633363419226307E-16,
              -1.0674587249590481E-31
            ],
            [
              2.2707035377909098E-28,
              -1.0097859196203865E-28,
              1.0000000000000011
            ]
          ],
          "translation_cm": [
            133.64999999999984,
            -6.099999999998607,
            -0.096999999999978354
          ]
        }
      },
      {
        "node_id": "0298100114-M1.ipt:11",
        "file_name": "E:\\Phase 1\\New-Assemblies\\PRANA - Assembly Automation\\Assembly 19\\Workspaces\\1830149477-M1\\0298100114-M1.ipt",
        "component_type": "kPartDocumentObject",
        "grounded": false,
        "suppressed": false,
        "visible": true,
        "adaptive": false,
        "flexible": false,
        "dof_translation": 0,
        "dof_rotation": 0,
        "fully_constrained": true,
        "transform": {
          "rotation_matrix": [
            [
              1.1879386363474231E-14,
              0.99999999999999856,
              3.5608747743409489E-14
            ],
            [
              -0.99999999999999878,
              1.18793863634576E-14,
              -5.88894967978755E-17
            ],
            [
              -5.8889496798184532E-17,
              -3.5608747743409565E-14,
              1.0
            ]
          ],
          "translation_cm": [
            3.4999999999999578,
            -1.8500000000000139,
            -0.096999999999999517
          ]
        }
      },
      {
        "node_id": "0298100114-M1.ipt:22",
        "file_name": "E:\\Phase 1\\New-Assemblies\\PRANA - Assembly Automation\\Assembly 19\\Workspaces\\1830149477-M1\\0298100114-M1.ipt",
        "component_type": "kPartDocumentObject",
        "grounded": false,
        "suppressed": false,
        "visible": true,
        "adaptive": false,
        "flexible": false,
        "dof_translation": 0,
        "dof_rotation": 0,
        "fully_constrained": true,
        "transform": {
          "rotation_matrix": [
            [
              0.86602540378427106,
              -0.499999999999923,
              -1.8052516805233235E-14
            ],
            [
              0.499999999999923,
              0.86602540378427106,
              -5.8885885519348729E-17
            ],
            [
              1.5663381098354556E-14,
              -8.9752617298310255E-15,
              1.0
            ]
          ],
          "translation_cm": [
            1.3499999999984511,
            -95.000000000001734,
            -0.09700000000000536
          ]
        }
      },
      {
        "node_id": "0298100114-M1.ipt:23",
        "file_name": "E:\\Phase 1\\New-Assemblies\\PRANA - Assembly Automation\\Assembly 19\\Workspaces\\1830149477-M1\\0298100114-M1.ipt",
        "component_type": "kPartDocumentObject",
        "grounded": false,
        "suppressed": false,
        "visible": true,
        "adaptive": false,
        "flexible": false,
        "dof_translation": 0,
        "dof_rotation": 0,
        "fully_constrained": true,
        "transform": {
          "rotation_matrix": [
            [
              1.0,
              -6.2603328997143383E-14,
              -1.1106950717127478E-32
            ],
            [
              6.2603328997143383E-14,
              1.0,
              -5.88894967977596E-17
            ],
            [
              3.6977854932241409E-30,
              5.88894967977596E-17,
              1.0
            ]
          ],
          "translation_cm": [
            133.64999999999969,
            -3.2999999999985477,
            -0.096999999999978062
          ]
        }
      },
      {
        "node_id": "0298100042-M1-00:22",
        "file_name": "E:\\Phase 1\\New-Assemblies\\PRANA - Assembly Automation\\Assembly 19\\Workspaces\\1830149477-M1\\0298100042-M1-00.ipt",
        "component_type": "kPartDocumentObject",
        "grounded": false,
        "suppressed": false,
        "visible": true,
        "adaptive": false,
        "flexible": false,
        "dof_translation": 0,
        "dof_rotation": 0,
        "fully_constrained": true,
        "transform": {
          "rotation_matrix": [
            [
              -0.866025403784287,
              -0.49999999999989536,
              1.1911233128545951E-39
            ],
            [
              0.49999999999989536,
              -0.866025403784287,
              -1.4791148536893793E-31
            ],
            [
              7.4071133668377129E-32,
              -1.280651741009052E-31,
              1.0
            ]
          ],
          "translation_cm": [
            40.600000000000712,
            -41.699999999999413,
            -0.080000000000000029
          ]
        }
      },
      {
        "node_id": "0298100042-M1-00:23",
        "file_name": "E:\\Phase 1\\New-Assemblies\\PRANA - Assembly Automation\\Assembly 19\\Workspaces\\1830149477-M1\\0298100042-M1-00.ipt",
        "component_type": "kPartDocumentObject",
        "grounded": false,
        "suppressed": false,
        "visible": true,
        "adaptive": false,
        "flexible": false,
        "dof_translation": 0,
        "dof_rotation": 0,
        "fully_constrained": true,
        "transform": {
          "rotation_matrix": [
            [
              -0.86602540378428183,
              -0.49999999999990435,
              2.5218755315340314E-26
            ],
            [
              0.49999999999990447,
              -0.86602540378428183,
              2.0248826841858965E-26
            ],
            [
              2.5093397305632127E-26,
              1.4451982628199468E-26,
              1.0
            ]
          ],
          "translation_cm": [
            40.600000000000222,
            -25.799999999999386,
            -0.080000000000000029
          ]
        }
      },
      {
        "node_id": "0298100042-M1-00:24",
        "file_name": "E:\\Phase 1\\New-Assemblies\\PRANA - Assembly Automation\\Assembly 19\\Workspaces\\1830149477-M1\\0298100042-M1-00.ipt",
        "component_type": "kPartDocumentObject",
        "grounded": false,
        "suppressed": false,
        "visible": true,
        "adaptive": false,
        "flexible": false,
        "dof_translation": 0,
        "dof_rotation": 0,
        "fully_constrained": true,
        "transform": {
          "rotation_matrix": [
            [
              0.86602540378428483,
              0.4999999999998988,
              2.6365650624748678E-32
            ],
            [
              -0.49999999999989886,
              0.86602540378428483,
              -1.4791140539770031E-31
            ],
            [
              4.2932020419366224E-30,
              -2.4186164069330678E-29,
              1.0
            ]
          ],
          "translation_cm": [
            75.7000000000002,
            -31.599999999999376,
            -0.080000000000000029
          ]
        }
      },
      {
        "node_id": "0298100042-M1-00:25",
        "file_name": "E:\\Phase 1\\New-Assemblies\\PRANA - Assembly Automation\\Assembly 19\\Workspaces\\1830149477-M1\\0298100042-M1-00.ipt",
        "component_type": "kPartDocumentObject",
        "grounded": false,
        "suppressed": false,
        "visible": true,
        "adaptive": false,
        "flexible": false,
        "dof_translation": 0,
        "dof_rotation": 0,
        "fully_constrained": true,
        "transform": {
          "rotation_matrix": [
            [
              -0.86602540378427129,
              0.49999999999992267,
              -1.4232782999446284E-32
            ],
            [
              -0.49999999999992262,
              -0.86602540378427129,
              -2.2186712959341553E-31
            ],
            [
              -1.2325951650351143E-31,
              -1.8502617897711897E-31,
              1.0
            ]
          ],
          "translation_cm": [
            40.600000000000755,
            -52.700000000000351,
            -0.080000000000000029
          ]
        }
      },
      {
        "node_id": "0298100042-M1-00:26",
        "file_name": "E:\\Phase 1\\New-Assemblies\\PRANA - Assembly Automation\\Assembly 19\\Workspaces\\1830149477-M1\\0298100042-M1-00.ipt",
        "component_type": "kPartDocumentObject",
        "grounded": false,
        "suppressed": false,
        "visible": true,
        "adaptive": false,
        "flexible": false,
        "dof_translation": 0,
        "dof_rotation": 0,
        "fully_constrained": true,
        "transform": {
          "rotation_matrix": [
            [
              -0.86602540378426918,
              0.49999999999992645,
              -1.2504491346413563E-31
            ],
            [
              -0.49999999999992634,
              -0.8660254037842694,
              -1.3407573109893241E-31
            ],
            [
              4.4363081334397856E-29,
              -4.0800729473959984E-30,
              1.0000000000000004
            ]
          ],
          "translation_cm": [
            75.7,
            -42.59999999999841,
            -0.080000000000000071
          ]
        }
      },
      {
        "node_id": "0298100042-M1-00:27",
        "file_name": "E:\\Phase 1\\New-Assemblies\\PRANA - Assembly Automation\\Assembly 19\\Workspaces\\1830149477-M1\\0298100042-M1-00.ipt",
        "component_type": "kPartDocumentObject",
        "grounded": false,
        "suppressed": false,
        "visible": true,
        "adaptive": false,
        "flexible": false,
        "dof_translation": 0,
        "dof_rotation": 0,
        "fully_constrained": true,
        "transform": {
          "rotation_matrix": [
            [
              -0.86602540378428761,
              -0.49999999999989436,
              -1.1597697443091231E-26
            ],
            [
              0.49999999999989436,
              -0.86602540378428761,
              2.8666527368391145E-26
            ],
            [
              -1.2982043561165129E-26,
              -7.5308606316923892E-27,
              0.99999999999999989
            ]
          ],
          "translation_cm": [
            40.600000000000435,
            -14.79999999999928,
            -0.080000000000000016
          ]
        }
      },
      {
        "node_id": "0298100114-M1:32",
        "file_name": "E:\\Phase 1\\New-Assemblies\\PRANA - Assembly Automation\\Assembly 19\\Workspaces\\1830149477-M1\\0298100114-M1.ipt",
        "component_type": "kPartDocumentObject",
        "grounded": false,
        "suppressed": false,
        "visible": true,
        "adaptive": false,
        "flexible": false,
        "dof_translation": 0,
        "dof_rotation": 0,
        "fully_constrained": true,
        "transform": {
          "rotation_matrix": [
            [
              0.49999999999991179,
              0.86602540378427761,
              -5.6932341984861343E-32
            ],
            [
              -0.86602540378427761,
              0.49999999999991196,
              -2.4652094510322606E-31
            ],
            [
              -1.7870016895859506E-31,
              1.4904405513960143E-31,
              1.0000000000000002
            ]
          ],
          "translation_cm": [
            35.428867513460162,
            -49.509999999999678,
            -0.097000000000000017
          ]
        }
      },
      {
        "node_id": "0298100114-M1:33",
        "file_name": "E:\\Phase 1\\New-Assemblies\\PRANA - Assembly Automation\\Assembly 19\\Workspaces\\1830149477-M1\\0298100114-M1.ipt",
        "component_type": "kPartDocumentObject",
        "grounded": false,
        "suppressed": false,
        "visible": true,
        "adaptive": false,
        "flexible": false,
        "dof_translation": 0,
        "dof_rotation": 0,
        "fully_constrained": true,
        "transform": {
          "rotation_matrix": [
            [
              0.99999999999999634,
              -1.0796918914480342E-14,
              -1.6541274577718018E-16
            ],
            [
              1.0796918914496974E-14,
              0.99999999999999611,
              -1.9118374896377996E-30
            ],
            [
              1.6541274577774042E-16,
              6.6239664135276835E-29,
              1.0
            ]
          ],
          "translation_cm": [
            35.397113248653568,
            -18.054999999999673,
            -0.096999999999994119
          ]
        }
      },
      {
        "node_id": "0298100114-M1:34",
        "file_name": "E:\\Phase 1\\New-Assemblies\\PRANA - Assembly Automation\\Assembly 19\\Workspaces\\1830149477-M1\\0298100114-M1.ipt",
        "component_type": "kPartDocumentObject",
        "grounded": false,
        "suppressed": false,
        "visible": true,
        "adaptive": false,
        "flexible": false,
        "dof_translation": 0,
        "dof_rotation": 0,
        "fully_constrained": true,
        "transform": {
          "rotation_matrix": [
            [
              0.999999999999999,
              -1.0907941216942881E-14,
              1.0168910106364605E-30
            ],
            [
              1.0852430065728254E-14,
              0.99999999999999845,
              -1.8488927466117464E-31
            ],
            [
              5.61132785620843E-28,
              3.2624328811546469E-28,
              1.0000000000000002
            ]
          ],
          "translation_cm": [
            81.4971132486521,
            -37.104999999999215,
            -0.097000000000000017
          ]
        }
      },
      {
        "node_id": "0298100042-M1-00:28",
        "file_name": "E:\\Phase 1\\New-Assemblies\\PRANA - Assembly Automation\\Assembly 19\\Workspaces\\1830149477-M1\\0298100042-M1-00.ipt",
        "component_type": "kPartDocumentObject",
        "grounded": false,
        "suppressed": false,
        "visible": true,
        "adaptive": false,
        "flexible": false,
        "dof_translation": 0,
        "dof_rotation": 0,
        "fully_constrained": true,
        "transform": {
          "rotation_matrix": [
            [
              -0.86602540378426784,
              0.49999999999992861,
              -2.8464755628068673E-32
            ],
            [
              -0.49999999999992845,
              -0.866025403784268,
              -1.9720343200449491E-31
            ],
            [
              -9.71303504838359E-32,
              -1.613597374744723E-31,
              1.0
            ]
          ],
          "translation_cm": [
            71.700000000001779,
            -42.49999999999725,
            -0.080000000000000029
          ]
        }
      },
      {
        "node_id": "0298100042-M1-00:29",
        "file_name": "E:\\Phase 1\\New-Assemblies\\PRANA - Assembly Automation\\Assembly 19\\Workspaces\\1830149477-M1\\0298100042-M1-00.ipt",
        "component_type": "kPartDocumentObject",
        "grounded": false,
        "suppressed": false,
        "visible": true,
        "adaptive": false,
        "flexible": false,
        "dof_translation": 0,
        "dof_rotation": 0,
        "fully_constrained": true,
        "transform": {
          "rotation_matrix": [
            [
              -0.86602540378428317,
              -0.49999999999990208,
              -5.6931598897944181E-32
            ],
            [
              0.49999999999990213,
              -0.86602540378428317,
              -1.4791494870016015E-31
            ],
            [
              5.4105111147205108E-32,
              -1.5693763653165279E-31,
              1.0
            ]
          ],
          "translation_cm": [
            51.30000000000036,
            -52.499999999999673,
            -0.080000000000000029
          ]
        }
      },
      {
        "node_id": "0298100042-M1-00:30",
        "file_name": "E:\\Phase 1\\New-Assemblies\\PRANA - Assembly Automation\\Assembly 19\\Workspaces\\1830149477-M1\\0298100042-M1-00.ipt",
        "component_type": "kPartDocumentObject",
        "grounded": false,
        "suppressed": false,
        "visible": true,
        "adaptive": false,
        "flexible": false,
        "dof_translation": 0,
        "dof_rotation": 0,
        "fully_constrained": true,
        "transform": {
          "rotation_matrix": [
            [
              -0.86602540378428183,
              -0.49999999999990435,
              -1.7080546292789254E-31
            ],
            [
              0.49999999999990447,
              -0.86602540378428183,
              -1.4790931148369582E-31
            ],
            [
              -6.6947848665898914E-32,
              -2.2172869468441812E-31,
              1.0
            ]
          ],
          "translation_cm": [
            51.300000000000168,
            -22.999999999999233,
            -0.080000000000000029
          ]
        }
      },
      {
        "node_id": "0298100042-M1-00:31",
        "file_name": "E:\\Phase 1\\New-Assemblies\\PRANA - Assembly Automation\\Assembly 19\\Workspaces\\1830149477-M1\\0298100042-M1-00.ipt",
        "component_type": "kPartDocumentObject",
        "grounded": false,
        "suppressed": false,
        "visible": true,
        "adaptive": false,
        "flexible": false,
        "dof_translation": 0,
        "dof_rotation": 0,
        "fully_constrained": true,
        "transform": {
          "rotation_matrix": [
            [
              -0.86602540378428527,
              -0.4999999999998983,
              -5.6929674154550277E-32
            ],
            [
              0.49999999999989825,
              -0.866025403784285,
              -2.4651472734974897E-31
            ],
            [
              6.63715996832933E-32,
              -2.324020923299678E-31,
              0.99999999999999978
            ]
          ],
          "translation_cm": [
            93.700000000000472,
            -42.499999999999062,
            -0.080000000000000016
          ]
        }
      },
      {
        "node_id": "0298100042-M1-00:32",
        "file_name": "E:\\Phase 1\\New-Assemblies\\PRANA - Assembly Automation\\Assembly 19\\Workspaces\\1830149477-M1\\0298100042-M1-00.ipt",
        "component_type": "kPartDocumentObject",
        "grounded": false,
        "suppressed": false,
        "visible": true,
        "adaptive": false,
        "flexible": false,
        "dof_translation": 0,
        "dof_rotation": 0,
        "fully_constrained": true,
        "transform": {
          "rotation_matrix": [
            [
              -0.86602540378427972,
              -0.49999999999990735,
              -1.2259582865599561E-25
            ],
            [
              0.4999999999999073,
              -0.86602540378427983,
              2.9012395420416729E-25
            ],
            [
              -1.3992420306357697E-28,
              7.2721439911382387E-26,
              0.99999999999999989
            ]
          ],
          "translation_cm": [
            27.80000000000009,
            -22.999999999999769,
            -0.080000000000000016
          ]
        }
      },
      {
        "node_id": "0298100042-M1-00:33",
        "file_name": "E:\\Phase 1\\New-Assemblies\\PRANA - Assembly Automation\\Assembly 19\\Workspaces\\1830149477-M1\\0298100042-M1-00.ipt",
        "component_type": "kPartDocumentObject",
        "grounded": false,
        "suppressed": false,
        "visible": true,
        "adaptive": false,
        "flexible": false,
        "dof_translation": 0,
        "dof_rotation": 0,
        "fully_constrained": true,
        "transform": {
          "rotation_matrix": [
            [
              -0.86602540378427506,
              -0.49999999999991629,
              -1.4246581104784498E-32
            ],
            [
              0.49999999999991634,
              -0.86602540378427528,
              -2.7117707842617122E-31
            ],
            [
              1.1204164269257836E-31,
              -1.7187483772069415E-31,
              1.0000000000000002
            ]
          ],
          "translation_cm": [
            27.799999999999905,
