{
  "assembly_metadata": {
    "assembly_name": "1830175413-M1.iam",
    "full_file_name": "E:\\Phase 1\\New-Assemblies\\PRANA - Assembly Automation\\Assembly 28\\Workspaces\\1830175413-M1\\1830175413-M1.iam",
    "internal_name": "{5414BD58-455E-4EA6-F8F7-1398B440653A}",
    "total_occurrences": 110,
    "total_constraints": 172
  },
  "physics": {
    "mass_kg": 59.874477225473512,
    "center_of_mass": [
      3.9999256085445341,
      51.299351156716021,
      12.294976300853548
    ],
    "inertia_tensor": [
      71648.762543792342,
      167171.38343985472,
      228147.67795837822,
      26849.131173854978,
      604.21727893719822,
      5484.8037565525365
    ]
  },
  "assembly_graph": {
    "nodes": [
      {
        "node_id": "1830175413-P1.ipt:1",
        "file_name": "E:\\Phase 1\\New-Assemblies\\PRANA - Assembly Automation\\Assembly 28\\Workspaces\\1830175413-M1\\1830175413-P1.ipt",
        "component_type": "kPartDocumentObject",
        "grounded": true,
        "suppressed": false,
        "visible": true,
        "adaptive": false,
        "flexible": false,
        "dof_translation": 0,
        "dof_rotation": 0,
        "fully_constrained": false,
        "transform": {
          "rotation_matrix": [
            [
              1.0,
              0.0,
              0.0
            ],
            [
              0.0,
              1.0,
              0.0
            ],
            [
              0.0,
              0.0,
              1.0
            ]
          ],
          "translation_cm": [
            0.0,
            0.0,
            0.0
          ]
        }
      },
      {
        "node_id": "1830175413-P2.ipt:1",
        "file_name": "E:\\Phase 1\\New-Assemblies\\PRANA - Assembly Automation\\Assembly 28\\Workspaces\\1830175413-M1\\1830175413-P2.ipt",
        "component_type": "kPartDocumentObject",
        "grounded": false,
        "suppressed": false,
        "visible": true,
        "adaptive": false,
        "flexible": false,
        "dof_translation": 0,
        "dof_rotation": 0,
        "fully_constrained": true,
        "transform": {
          "rotation_matrix": [
            [
              1.0,
              -1.7923436871876454E-15,
              1.2437450065769204E-13
            ],
            [
              -1.24374500657692E-13,
              -6.3934626778516839E-15,
              1.0
            ],
            [
              -1.79234368718685E-15,
              -1.0,
              -6.3934626778519048E-15
            ]
          ],
          "translation_cm": [
            87.799999999987648,
            -9.7023142940214626E-12,
            21.200000000000607
          ]
        }
      },
      {
        "node_id": "1830175413-P11.ipt:1",
        "file_name": "E:\\Phase 1\\New-Assemblies\\PRANA - Assembly Automation\\Assembly 28\\Workspaces\\1830175413-M1\\1830175413-P11.ipt",
        "component_type": "kPartDocumentObject",
        "grounded": false,
        "suppressed": false,
        "visible": true,
        "adaptive": false,
        "flexible": false,
        "dof_translation": 0,
        "dof_rotation": 0,
        "fully_constrained": true,
        "transform": {
          "rotation_matrix": [
            [
              2.1645328699170532E-15,
              -1.0,
              1.2437450065769204E-13
            ],
            [
              5.1334377195684805E-16,
              1.2437450065769111E-13,
              1.0
            ],
            [
              -1.0,
              -2.1645328699169495E-15,
              5.1334377195868028E-16
            ]
          ],
          "translation_cm": [
            -74.500000000013571,
            -9.5000000000030713,
            10.299999999999855
          ]
        }
      },
      {
        "node_id": "1830175413-P11.ipt:2",
        "file_name": "E:\\Phase 1\\New-Assemblies\\PRANA - Assembly Automation\\Assembly 28\\Workspaces\\1830175413-M1\\1830175413-P11.ipt",
        "component_type": "kPartDocumentObject",
        "grounded": false,
        "suppressed": false,
        "visible": true,
        "adaptive": false,
        "flexible": false,
        "dof_translation": 0,
        "dof_rotation": 0,
        "fully_constrained": true,
        "transform": {
          "rotation_matrix": [
            [
              2.1033005299596533E-15,
              1.0,
              -1.243745006576927E-13
            ],
            [
              5.1334377195841108E-16,
              -1.2437450065769111E-13,
              -1.0
            ],
            [
              -1.0,
              2.1033005299594904E-15,
              -5.1334377195867269E-16
            ]
          ],
          "translation_cm": [
            86.30000000000031,
            -9.5000000000230713,
            10.300000000000193
          ]
        }
      },
      {
        "node_id": "1830175413-P7.ipt:1",
        "file_name": "E:\\Phase 1\\New-Assemblies\\PRANA - Assembly Automation\\Assembly 28\\Workspaces\\1830175413-M1\\1830175413-P7.ipt",
        "component_type": "kPartDocumentObject",
        "grounded": false,
        "suppressed": false,
        "visible": true,
        "adaptive": false,
        "flexible": false,
        "dof_translation": 0,
        "dof_rotation": 0,
        "fully_constrained": true,
        "transform": {
          "rotation_matrix": [
            [
              -0.99999999999999967,
              1.2040422976091931E-14,
              3.2768586586741672E-16
            ],
            [
              1.204042297609197E-14,
              0.99999999999999967,
              5.1314577273893536E-16
            ],
            [
              -3.2768586586741169E-16,
              5.1314577273897233E-16,
              -1.0
            ]
          ],
          "translation_cm": [
            6.0000000000000453,
            -0.060933940773814421,
            -1.1383141124201246E-13
          ]
        }
      },
      {
        "node_id": "1830175413-P18.ipt:1",
        "file_name": "E:\\Phase 1\\New-Assemblies\\PRANA - Assembly Automation\\Assembly 28\\Workspaces\\1830175413-M1\\1830175413-P18.ipt",
        "component_type": "kPartDocumentObject",
        "grounded": false,
        "suppressed": false,
        "visible": true,
        "adaptive": false,
        "flexible": false,
        "dof_translation": 0,
        "dof_rotation": 0,
        "fully_constrained": true,
        "transform": {
          "rotation_matrix": [
            [
              0.85395430200801092,
              -2.9756795392391184E-14,
              0.52034800862676844
            ],
            [
              -0.52034800862674246,
              1.8154903164393587E-14,
              0.85395430200798117
            ],
            [
              -3.1944915360813441E-14,
              -1.0000000000000187,
              -4.96142746139055E-15
            ]
          ],
          "translation_cm": [
            49.671463781886878,
            74.850321962264942,
            8.8300976438991174
          ]
        }
      },
      {
        "node_id": "1830176142-M1.ipt:1",
        "file_name": "E:\\Phase 1\\New-Assemblies\\PRANA - Assembly Automation\\Assembly 28\\Workspaces\\1830175413-M1\\1830176142-M1.ipt",
        "component_type": "kPartDocumentObject",
        "grounded": false,
        "suppressed": false,
        "visible": true,
        "adaptive": false,
        "flexible": false,
        "dof_translation": 0,
        "dof_rotation": 0,
        "fully_constrained": true,
        "transform": {
          "rotation_matrix": [
            [
              0.7395461192099283,
              -0.42697715100401129,
              -0.52034800862669262
            ],
            [
              -0.450634594279417,
              0.26017400431337345,
              -0.85395430200797851
            ],
            [
              0.50000000000001421,
              0.86602540378415938,
              5.41406269269577E-14
            ]
          ],
          "translation_cm": [
            34.972118844733437,
            83.397354103216088,
            3.3300976438993217
          ]
        }
      },
      {
        "node_id": "1830176187-M1.ipt:1",
        "file_name": "E:\\Phase 1\\New-Assemblies\\PRANA - Assembly Automation\\Assembly 28\\Workspaces\\1830175413-M1\\1830176187-M1.ipt",
        "component_type": "kPartDocumentObject",
        "grounded": false,
        "suppressed": false,
        "visible": true,
        "adaptive": false,
        "flexible": false,
        "dof_translation": 0,
        "dof_rotation": 0,
        "fully_constrained": true,
        "transform": {
          "rotation_matrix": [
            [
              0.73954611920994684,
              -0.42697715100401284,
              0.52034800862669994
            ],
            [
              -0.45063459427943153,
              0.26017400431338827,
              0.85395430200799038
            ],
            [
              -0.5000000000000141,
              -0.86602540378415449,
              5.7178725790768079E-14
            ]
          ],
          "translation_cm": [
            35.289531129995474,
            83.91826622744054,
            3.3300976438993475
          ]
        }
      },
      {
        "node_id": "1830176186-M1.ipt:1",
        "file_name": "E:\\Phase 1\\New-Assemblies\\PRANA - Assembly Automation\\Assembly 28\\Workspaces\\1830175413-M1\\1830176186-M1.ipt",
        "component_type": "kPartDocumentObject",
        "grounded": false,
        "suppressed": false,
        "visible": true,
        "adaptive": false,
        "flexible": false,
        "dof_translation": 0,
        "dof_rotation": 0,
        "fully_constrained": true,
        "transform": {
          "rotation_matrix": [
            [
              -0.85395430200799782,
              3.2829200199000922E-17,
              -0.5203480086267589
            ],
            [
              0.52034800862676378,
              2.9250160670015352E-17,
              -0.8539543020080036
            ],
            [
              -1.2814439222259249E-17,
              -1.0000000000000093,
              -4.2060886671883244E-17
            ]
          ],
          "translation_cm": [
            35.289531129995375,
            83.918266227440583,
            3.3300976438995793
          ]
        }
      },
      {
        "node_id": "1830176142-M1.ipt:2",
        "file_name": "E:\\Phase 1\\New-Assemblies\\PRANA - Assembly Automation\\Assembly 28\\Workspaces\\1830175413-M1\\1830176142-M1.ipt",
        "component_type": "kPartDocumentObject",
        "grounded": false,
        "suppressed": false,
        "visible": true,
        "adaptive": false,
        "flexible": false,
        "dof_translation": 0,
        "dof_rotation": 0,
        "fully_constrained": true,
        "transform": {
          "rotation_matrix": [
            [
              0.7395461192099283,
              -0.42697715100401129,
              -0.52034800862669262
            ],
            [
              -0.45063459427941693,
              0.26017400431337356,
              -0.85395430200797851
            ],
            [
              0.50000000000001421,
              0.86602540378415926,
              5.4255247189124143E-14
            ]
          ],
          "translation_cm": [
            34.972118844733849,
            83.397354103215875,
            14.330097643899332
          ]
        }
      },
      {
        "node_id": "1830176187-M1.ipt:2",
        "file_name": "E:\\Phase 1\\New-Assemblies\\PRANA - Assembly Automation\\Assembly 28\\Workspaces\\1830175413-M1\\1830176187-M1.ipt",
        "component_type": "kPartDocumentObject",
        "grounded": false,
        "suppressed": false,
        "visible": true,
        "adaptive": false,
        "flexible": false,
        "dof_translation": 0,
        "dof_rotation": 0,
        "fully_constrained": true,
        "transform": {
          "rotation_matrix": [
            [
              0.73954611920994662,
              -0.42697715100401268,
              0.52034800862670016
            ],
            [
              -0.45063459427943159,
              0.26017400431338839,
              0.85395430200798994
            ],
            [
              -0.500000000000014,
              -0.8660254037841546,
              5.7242200975254688E-14
            ]
          ],
          "translation_cm": [
            35.289531129995829,
            83.918266227440242,
            14.330097643899364
          ]
        }
      },
      {
        "node_id": "1830176186-M1.ipt:2",
        "file_name": "E:\\Phase 1\\New-Assemblies\\PRANA - Assembly Automation\\Assembly 28\\Workspaces\\1830175413-M1\\1830176186-M1.ipt",
        "component_type": "kPartDocumentObject",
        "grounded": false,
        "suppressed": false,
        "visible": true,
        "adaptive": false,
        "flexible": false,
        "dof_translation": 0,
        "dof_rotation": 0,
        "fully_constrained": true,
        "transform": {
          "rotation_matrix": [
            [
              -0.85395430200799782,
              -2.6254823141624272E-18,
              -0.5203480086267589
            ],
            [
              0.52034800862676378,
              -2.89352809123358E-17,
              -0.8539543020080036
            ],
            [
              -1.2814439222260983E-17,
              -1.0000000000000093,
              2.607559492381881E-17
            ]
          ],
          "translation_cm": [
            35.2895311299957,
            83.918266227440313,
            14.330097643899586
          ]
        }
      },
      {
        "node_id": "1830176142-M1.ipt:3",
        "file_name": "E:\\Phase 1\\New-Assemblies\\PRANA - Assembly Automation\\Assembly 28\\Workspaces\\1830175413-M1\\1830176142-M1.ipt",
        "component_type": "kPartDocumentObject",
        "grounded": false,
        "suppressed": false,
        "visible": true,
        "adaptive": false,
        "flexible": false,
        "dof_translation": 0,
        "dof_rotation": 0,
        "fully_constrained": true,
        "transform": {
          "rotation_matrix": [
            [
              0.7395461192099283,
              -0.42697715100401129,
              -0.52034800862669262
            ],
            [
              -0.45063459427941693,
              0.26017400431337356,
              -0.85395430200797851
            ],
            [
              0.50000000000001421,
              0.86602540378415926,
              5.4255247189124143E-14
            ]
          ],
          "translation_cm": [
            64.006565113008719,
            65.705521809905107,
            3.3300976438982492
          ]
        }
      },
      {
        "node_id": "1830176187-M1.ipt:3",
        "file_name": "E:\\Phase 1\\New-Assemblies\\PRANA - Assembly Automation\\Assembly 28\\Workspaces\\1830175413-M1\\1830176187-M1.ipt",
        "component_type": "kPartDocumentObject",
        "grounded": false,
        "suppressed": false,
        "visible": true,
        "adaptive": false,
        "flexible": false,
        "dof_translation": 0,
        "dof_rotation": 0,
        "fully_constrained": true,
        "transform": {
          "rotation_matrix": [
            [
              0.73954611920994662,
              -0.42697715100401268,
              0.52034800862670016
            ],
            [
              -0.45063459427943159,
              0.26017400431338839,
              0.85395430200798994
            ],
            [
              -0.500000000000014,
              -0.8660254037841546,
              5.7242200975254688E-14
            ]
          ],
          "translation_cm": [
            64.323977398270685,
            66.226433934129474,
            3.330097643898283
          ]
        }
      },
      {
        "node_id": "1830176186-M1.ipt:3",
        "file_name": "E:\\Phase 1\\New-Assemblies\\PRANA - Assembly Automation\\Assembly 28\\Workspaces\\1830175413-M1\\1830176186-M1.ipt",
        "component_type": "kPartDocumentObject",
        "grounded": false,
        "suppressed": false,
        "visible": true,
        "adaptive": false,
        "flexible": false,
        "dof_translation": 0,
        "dof_rotation": 0,
        "fully_constrained": true,
        "transform": {
          "rotation_matrix": [
            [
              -0.85395430200799782,
              -2.6254823141624272E-18,
              -0.5203480086267589
            ],
            [
              0.52034800862676378,
              -2.89352809123358E-17,
              -0.8539543020080036
            ],
            [
              -1.2814439222260983E-17,
              -1.0000000000000093,
              2.607559492381881E-17
            ]
          ],
          "translation_cm": [
            64.323977398270571,
            66.22643393412956,
            3.3300976438985015
          ]
        }
      },
      {
        "node_id": "1830176142-M1.ipt:4",
        "file_name": "E:\\Phase 1\\New-Assemblies\\PRANA - Assembly Automation\\Assembly 28\\Workspaces\\1830175413-M1\\1830176142-M1.ipt",
        "component_type": "kPartDocumentObject",
        "grounded": false,
        "suppressed": false,
        "visible": true,
        "adaptive": false,
        "flexible": false,
        "dof_translation": 0,
        "dof_rotation": 0,
        "fully_constrained": true,
        "transform": {
          "rotation_matrix": [
            [
              0.7395461192099283,
              -0.42697715100401129,
              -0.52034800862669262
            ],
            [
              -0.45063459427941693,
              0.26017400431337356,
              -0.85395430200797851
            ],
            [
              0.50000000000001421,
              0.86602540378415926,
              5.4255247189124143E-14
            ]
          ],
          "translation_cm": [
            64.006565113009032,
            65.705521809904909,
            14.330097643898252
          ]
        }
      },
      {
        "node_id": "1830176187-M1.ipt:4",
        "file_name": "E:\\Phase 1\\New-Assemblies\\PRANA - Assembly Automation\\Assembly 28\\Workspaces\\1830175413-M1\\1830176187-M1.ipt",
        "component_type": "kPartDocumentObject",
        "grounded": false,
        "suppressed": false,
        "visible": true,
        "adaptive": false,
        "flexible": false,
        "dof_translation": 0,
        "dof_rotation": 0,
        "fully_constrained": true,
        "transform": {
          "rotation_matrix": [
            [
              0.73954611920994662,
              -0.42697715100401268,
              0.52034800862670016
            ],
            [
              -0.45063459427943159,
              0.26017400431338839,
              0.85395430200798994
            ],
            [
              -0.500000000000014,
              -0.8660254037841546,
              5.7242200975254688E-14
            ]
          ],
          "translation_cm": [
            64.323977398271012,
            66.226433934129275,
            14.330097643898286
          ]
        }
      },
      {
        "node_id": "1830176186-M1.ipt:4",
        "file_name": "E:\\Phase 1\\New-Assemblies\\PRANA - Assembly Automation\\Assembly 28\\Workspaces\\1830175413-M1\\1830176186-M1.ipt",
        "component_type": "kPartDocumentObject",
        "grounded": false,
        "suppressed": false,
        "visible": true,
        "adaptive": false,
        "flexible": false,
        "dof_translation": 0,
        "dof_rotation": 0,
        "fully_constrained": true,
        "transform": {
          "rotation_matrix": [
            [
              -0.85395430200799782,
              -2.6254823141624272E-18,
              -0.5203480086267589
            ],
            [
              0.52034800862676378,
              -2.89352809123358E-17,
              -0.8539543020080036
            ],
            [
              -1.2814439222260983E-17,
              -1.0000000000000093,
              2.607559492381881E-17
            ]
          ],
          "translation_cm": [
            64.3239773982709,
            66.226433934129375,
            14.330097643898503
          ]
        }
      },
      {
        "node_id": "1830175413-P19.ipt:1",
        "file_name": "E:\\Phase 1\\New-Assemblies\\PRANA - Assembly Automation\\Assembly 28\\Workspaces\\1830175413-M1\\1830175413-P19.ipt",
        "component_type": "kPartDocumentObject",
        "grounded": false,
        "suppressed": false,
        "visible": true,
        "adaptive": false,
        "flexible": false,
        "dof_translation": 0,
        "dof_rotation": 0,
        "fully_constrained": true,
        "transform": {
          "rotation_matrix": [
            [
              1.0,
              1.5039875094539548E-31,
              3.0198581527999942E-31
            ],
            [
              0.0,
              1.0,
              6.3934626778516823E-15
            ],
            [
              0.0,
              -6.3934626778516816E-15,
              1.0
            ]
          ],
          "translation_cm": [
            -38.100000000002467,
            70.700000000007066,
            21.3500000000004
          ]
        }
      },
      {
        "node_id": "1830175413-P9.ipt:1",
        "file_name": "E:\\Phase 1\\New-Assemblies\\PRANA - Assembly Automation\\Assembly 28\\Workspaces\\1830175413-M1\\1830175413-P9.ipt",
        "component_type": "kPartDocumentObject",
        "grounded": false,
        "suppressed": false,
        "visible": true,
        "adaptive": false,
        "flexible": false,
        "dof_translation": 0,
        "dof_rotation": 0,
        "fully_constrained": true,
        "transform": {
          "rotation_matrix": [
            [
              1.0,
              1.2444275112815704E-13,
              1.7923436871868676E-15
            ],
            [
              -1.2444275112815707E-13,
              1.0,
              6.3934626778516784E-15
            ],
            [
              -1.7923436871866786E-15,
              -6.39346267785189E-15,
              1.0
            ]
          ],
          "translation_cm": [
            53.649999999990733,
            24.999999999994547,
            21.2000000000005
          ]
        }
      },
      {
        "node_id": "1830176142-M1.ipt:5",
        "file_name": "E:\\Phase 1\\New-Assemblies\\PRANA - Assembly Automation\\Assembly 28\\Workspaces\\1830175413-M1\\1830176142-M1.ipt",
        "component_type": "kPartDocumentObject",
        "grounded": false,
        "suppressed": false,
        "visible": true,
        "adaptive": false,
        "flexible": false,
        "dof_translation": 0,
        "dof_rotation": 0,
        "fully_constrained": true,
        "transform": {
          "rotation_matrix": [
            [
              1.0,
              1.2494638331037324E-29,
              -3.0198581527992695E-31
            ],
            [
              1.2645037081982719E-29,
              -1.0,
              -6.3934626778516823E-15
            ],
            [
              9.9568244445778267E-60,
              6.3934626778516816E-15,
              -1.0
            ]
          ],
          "translation_cm": [
            -46.850000000004684,
            61.950000000007073,
            20.910000000000455
          ]
        }
      },
      {
        "node_id": "1830176186-M1.ipt:5",
        "file_name": "E:\\Phase 1\\New-Assemblies\\PRANA - Assembly Automation\\Assembly 28\\Workspaces\\1830175413-M1\\1830176186-M1.ipt",
        "component_type": "kPartDocumentObject",
        "grounded": false,
        "suppressed": false,
        "visible": true,
        "adaptive": false,
        "flexible": false,
        "dof_translation": 0,
        "dof_rotation": 0,
        "fully_constrained": true,
        "transform": {
          "rotation_matrix": [
            [
              1.0,
              1.2494638331037324E-29,
              -3.0198581528002736E-31
            ],
            [
              1.2645037081982719E-29,
              -1.0,
              -6.3934626778516823E-15
            ],
            [
              -9.9568244445778267E-60,
              6.3934626778516816E-15,
              -1.0
            ]
          ],
          "translation_cm": [
            -46.850000000002467,
            61.95000000000708,
            21.660000000000455
          ]
        }
      },
      {
        "node_id": "1830176187-M1.ipt:5",
        "file_name": "E:\\Phase 1\\New-Assemblies\\PRANA - Assembly Automation\\Assembly 28\\Workspaces\\1830175413-M1\\1830176187-M1.ipt",
        "component_type": "kPartDocumentObject",
        "grounded": false,
        "suppressed": false,
        "visible": true,
        "adaptive": false,
        "flexible": false,
        "dof_translation": 0,
        "dof_rotation": 0,
        "fully_constrained": true,
        "transform": {
          "rotation_matrix": [
            [
              1.0,
              -1.2494638331037324E-29,
              3.0198581528002736E-31
            ],
            [
              1.2645037081982719E-29,
              1.0,
              6.3934626778516823E-15
            ],
            [
              0.0,
              -6.3934626778516816E-15,
              1.0
            ]
          ],
          "translation_cm": [
            -46.850000000002467,
            61.950000000007073,
            21.700000000000454
          ]
        }
      },
      {
        "node_id": "1830176142-M1.ipt:6",
        "file_name": "E:\\Phase 1\\New-Assemblies\\PRANA - Assembly Automation\\Assembly 28\\Workspaces\\1830175413-M1\\1830176142-M1.ipt",
        "component_type": "kPartDocumentObject",
        "grounded": false,
        "suppressed": false,
        "visible": true,
        "adaptive": false,
        "flexible": false,
        "dof_translation": 0,
        "dof_rotation": 0,
        "fully_constrained": true,
        "transform": {
          "rotation_matrix": [
            [
              1.0,
              1.2494638331037324E-29,
              -3.0198581527992695E-31
            ],
            [
              1.2645037081982719E-29,
              -1.0,
              -6.3934626778516823E-15
            ],
            [
              9.9568244445778267E-60,
              6.3934626778516816E-15,
              -1.0
            ]
          ],
          "translation_cm": [
            -29.350000000004684,
            61.950000000007073,
            20.910000000000455
          ]
        }
      },
      {
        "node_id": "1830176186-M1.ipt:6",
        "file_name": "E:\\Phase 1\\New-Assemblies\\PRANA - Assembly Automation\\Assembly 28\\Workspaces\\1830175413-M1\\1830176186-M1.ipt",
        "component_type": "kPartDocumentObject",
        "grounded": false,
        "suppressed": false,
        "visible": true,
        "adaptive": false,
        "flexible": false,
        "dof_translation": 0,
        "dof_rotation": 0,
        "fully_constrained": true,
        "transform": {
          "rotation_matrix": [
            [
              1.0,
              1.2494638331037324E-29,
              -3.0198581528002736E-31
            ],
            [
              1.2645037081982719E-29,
              -1.0,
              -6.3934626778516823E-15
            ],
            [
              -9.9568244445778267E-60,
              6.3934626778516816E-15,
              -1.0
            ]
          ],
          "translation_cm": [
            -29.350000000002467,
            61.95000000000708,
            21.660000000000455
          ]
        }
      },
      {
        "node_id": "1830176187-M1.ipt:6",
        "file_name": "E:\\Phase 1\\New-Assemblies\\PRANA - Assembly Automation\\Assembly 28\\Workspaces\\1830175413-M1\\1830176187-M1.ipt",
        "component_type": "kPartDocumentObject",
        "grounded": false,
        "suppressed": false,
        "visible": true,
        "adaptive": false,
        "flexible": false,
        "dof_translation": 0,
        "dof_rotation": 0,
        "fully_constrained": true,
        "transform": {
          "rotation_matrix": [
            [
              1.0,
              -1.2494638331037324E-29,
              3.0198581528002736E-31
            ],
            [
              1.2645037081982719E-29,
              1.0,
              6.3934626778516823E-15
            ],
            [
              0.0,
              -6.3934626778516816E-15,
              1.0
            ]
          ],
          "translation_cm": [
            -29.350000000002467,
            61.950000000007073,
            21.700000000000454
          ]
        }
      },
      {
        "node_id": "1830176142-M1.ipt:7",
        "file_name": "E:\\Phase 1\\New-Assemblies\\PRANA - Assembly Automation\\Assembly 28\\Workspaces\\1830175413-M1\\1830176142-M1.ipt",
        "component_type": "kPartDocumentObject",
        "grounded": false,
        "suppressed": false,
        "visible": true,
        "adaptive": false,
        "flexible": false,
        "dof_translation": 0,
        "dof_rotation": 0,
        "fully_constrained": true,
        "transform": {
          "rotation_matrix": [
            [
              1.0,
              1.2494638331037324E-29,
              -3.0198581527992695E-31
            ],
            [
              1.2645037081982719E-29,
              -1.0,
              -6.3934626778516823E-15
            ],
            [
              9.9568244445778267E-60,
              6.3934626778516816E-15,
              -1.0
            ]
          ],
          "translation_cm": [
            -46.850000000004684,
            79.450000000007066,
            20.910000000000348
          ]
        }
      },
      {
        "node_id": "1830176186-M1.ipt:7",
        "file_name": "E:\\Phase 1\\New-Assemblies\\PRANA - Assembly Automation\\Assembly 28\\Workspaces\\1830175413-M1\\1830176186-M1.ipt",
        "component_type": "kPartDocumentObject",
        "grounded": false,
        "suppressed": false,
        "visible": true,
        "adaptive": false,
        "flexible": false,
        "dof_translation": 0,
        "dof_rotation": 0,
        "fully_constrained": true,
        "transform": {
          "rotation_matrix": [
            [
              1.0,
              1.2494638331037324E-29,
              -3.0198581528002736E-31
            ],
            [
              1.2645037081982719E-29,
              -1.0,
              -6.3934626778516823E-15
            ],
            [
              -9.9568244445778267E-60,
              6.3934626778516816E-15,
              -1.0
            ]
          ],
          "translation_cm": [
            -46.850000000002467,
            79.450000000007066,
            21.660000000000348
          ]
        }
      },
      {
        "node_id": "1830176187-M1.ipt:7",
        "file_name": "E:\\Phase 1\\New-Assemblies\\PRANA - Assembly Automation\\Assembly 28\\Workspaces\\1830175413-M1\\1830176187-M1.ipt",
        "component_type": "kPartDocumentObject",
        "grounded": false,
        "suppressed": false,
        "visible": true,
        "adaptive": false,
        "flexible": false,
        "dof_translation": 0,
        "dof_rotation": 0,
        "fully_constrained": true,
        "transform": {
          "rotation_matrix": [
            [
              1.0,
              -1.2494638331037324E-29,
              3.0198581528002736E-31
            ],
            [
              1.2645037081982719E-29,
              1.0,
              6.3934626778516823E-15
            ],
            [
              0.0,
              -6.3934626778516816E-15,
              1.0
            ]
          ],
          "translation_cm": [
            -46.850000000002467,
            79.450000000007066,
            21.700000000000347
          ]
        }
      },
      {
        "node_id": "1830176142-M1.ipt:8",
        "file_name": "E:\\Phase 1\\New-Assemblies\\PRANA - Assembly Automation\\Assembly 28\\Workspaces\\1830175413-M1\\1830176142-M1.ipt",
        "component_type": "kPartDocumentObject",
        "grounded": false,
        "suppressed": false,
        "visible": true,
        "adaptive": false,
        "flexible": false,
        "dof_translation": 0,
        "dof_rotation": 0,
        "fully_constrained": true,
        "transform": {
          "rotation_matrix": [
            [
              1.0,
              1.2494638331037324E-29,
              -3.0198581527992695E-31
            ],
            [
              1.2645037081982719E-29,
              -1.0,
              -6.3934626778516823E-15
            ],
            [
              9.9568244445778267E-60,
              6.3934626778516816E-15,
              -1.0
            ]
          ],
          "translation_cm": [
            -29.350000000004684,
            79.450000000007066,
            20.910000000000348
          ]
        }
      },
      {
        "node_id": "1830176186-M1.ipt:8",
        "file_name": "E:\\Phase 1\\New-Assemblies\\PRANA - Assembly Automation\\Assembly 28\\Workspaces\\1830175413-M1\\1830176186-M1.ipt",
        "component_type": "kPartDocumentObject",
        "grounded": false,
        "suppressed": false,
        "visible": true,
        "adaptive": false,
        "flexible": false,
        "dof_translation": 0,
        "dof_rotation": 0,
        "fully_constrained": true,
        "transform": {
          "rotation_matrix": [
            [
              1.0,
              1.2494638331037324E-29,
              -3.0198581528002736E-31
            ],
            [
              1.2645037081982719E-29,
              -1.0,
              -6.3934626778516823E-15
            ],
            [
              -9.9568244445778267E-60,
              6.3934626778516816E-15,
              -1.0
            ]
          ],
          "translation_cm": [
            -29.350000000002467,
            79.450000000007066,
            21.660000000000348
          ]
        }
      },
      {
        "node_id": "1830176187-M1.ipt:8",
        "file_name": "E:\\Phase 1\\New-Assemblies\\PRANA - Assembly Automation\\Assembly 28\\Workspaces\\1830175413-M1\\1830176187-M1.ipt",
        "component_type": "kPartDocumentObject",
        "grounded": false,
        "suppressed": false,
        "visible": true,
        "adaptive": false,
        "flexible": false,
        "dof_translation": 0,
        "dof_rotation": 0,
        "fully_constrained": true,
        "transform": {
          "rotation_matrix": [
            [
              1.0,
              -1.2494638331037324E-29,
              3.0198581528002736E-31
            ],
            [
              1.2645037081982719E-29,
              1.0,
              6.3934626778516823E-15
            ],
            [
              0.0,
              -6.3934626778516816E-15,
              1.0
            ]
          ],
          "translation_cm": [
            -29.350000000002467,
            79.450000000007066,
            21.700000000000347
          ]
        }
      },
      {
        "node_id": "1830176142-M1.ipt:9",
        "file_name": "E:\\Phase 1\\New-Assemblies\\PRANA - Assembly Automation\\Assembly 28\\Workspaces\\1830175413-M1\\1830176142-M1.ipt",
        "component_type": "kPartDocumentObject",
        "grounded": false,
        "suppressed": false,
        "visible": true,
        "adaptive": false,
        "flexible": false,
        "dof_translation": 0,
        "dof_rotation": 0,
        "fully_constrained": true,
        "transform": {
          "rotation_matrix": [
            [
              1.0,
              4.1772597789791738E-31,
              8.6734642178001226E-29
            ],
            [
              -4.1772597789788121E-31,
              1.0000000000000002,
              -4.5106130228246346E-16
            ],
            [
              -8.6734642178001237E-29,
              4.5106130228246346E-16,
              1.0000000000000002
            ]
          ],
          "translation_cm": [
            -74.200000000002447,
            74.200000000005559,
            0.2499999999995503
          ]
        }
      },
      {
        "node_id": "1830176187-M1.ipt:9",
        "file_name": "E:\\Phase 1\\New-Assemblies\\PRANA - Assembly Automation\\Assembly 28\\Workspaces\\1830175413-M1\\1830176187-M1.ipt",
        "component_type": "kPartDocumentObject",
        "grounded": false,
        "suppressed": false,
        "visible": true,
        "adaptive": false,
        "flexible": false,
        "dof_translation": 0,
        "dof_rotation": 0,
        "fully_constrained": true,
        "transform": {
          "rotation_matrix": [
            [
              1.0,
              -4.17725977897946E-31,
              -8.67522198576157E-29
            ],
            [
              -4.17725977897881E-31,
              -1.0,
              5.1334377195813843E-16
            ],
            [
              -8.6752219857621337E-29,
              -5.1334377195813843E-16,
              -1.0
            ]
          ],
          "translation_cm": [
            -74.200000000002447,
            74.200000000005559,
            -0.36000000000010346
          ]
        }
      },
      {
        "node_id": "1830176186-M1.ipt:9",
        "file_name": "E:\\Phase 1\\New-Assemblies\\PRANA - Assembly Automation\\Assembly 28\\Workspaces\\1830175413-M1\\1830176186-M1.ipt",
        "component_type": "kPartDocumentObject",
        "grounded": false,
        "suppressed": false,
        "visible": true,
        "adaptive": false,
        "flexible": false,
        "dof_translation": 0,
        "dof_rotation": 0,
        "fully_constrained": true,
        "transform": {
          "rotation_matrix": [
            [
              1.0,
              -6.2140778938725923E-14,
              -1.5566748183345244E-29
            ],
            [
              -6.2140778938725923E-14,
              -1.0,
              5.1334377195813843E-16
            ],
            [
              -8.6752219857621337E-29,
              -5.1334377195813843E-16,
              -1.0
            ]
          ],
          "translation_cm": [
            -74.200000000002447,
            74.200000000005559,
            -0.20000000000010362
          ]
        }
      },
      {
        "node_id": "1830176142-M1.ipt:10",
        "file_name": "E:\\Phase 1\\New-Assemblies\\PRANA - Assembly Automation\\Assembly 28\\Workspaces\\1830175413-M1\\1830176142-M1.ipt",
        "component_type": "kPartDocumentObject",
        "grounded": false,
        "suppressed": false,
        "visible": true,
        "adaptive": false,
        "flexible": false,
        "dof_translation": 0,
        "dof_rotation": 0,
        "fully_constrained": true,
        "transform": {
          "rotation_matrix": [
            [
              1.0,
              4.1772597789791738E-31,
              8.6699486818761E-29
            ],
            [
              -4.1772597789788121E-31,
              1.0000000000000002,
              -4.5106130228246346E-16
            ],
            [
              -8.6699486818761015E-29,
              4.5106130228246346E-16,
              1.0000000000000002
            ]
          ],
          "translation_cm": [
            2.2999999999975529,
            74.2000000000008,
            0.24999999999957537
          ]
        }
      },
      {
        "node_id": "1830176187-M1.ipt:10",
        "file_name": "E:\\Phase 1\\New-Assemblies\\PRANA - Assembly Automation\\Assembly 28\\Workspaces\\1830175413-M1\\1830176187-M1.ipt",
        "component_type": "kPartDocumentObject",
        "grounded": false,
        "suppressed": false,
        "visible": true,
        "adaptive": false,
        "flexible": false,
        "dof_translation": 0,
        "dof_rotation": 0,
        "fully_constrained": true,
        "transform": {
          "rotation_matrix": [
            [
              1.0,
              -4.17725977897946E-31,
              -8.6734642177995587E-29
            ],
            [
              -4.17725977897881E-31,
              -1.0,
              5.1334377195813843E-16
            ],
            [
