{
  "assembly_metadata": {
    "assembly_name": "1830113088-M1.iam",
    "full_file_name": "E:\\Phase 1\\New-Assemblies\\PRANA - Assembly Automation\\Assembly 16\\Workspaces\\1830113088-M1\\1830113088-M1.iam",
    "internal_name": "{F6A8DF7D-40F6-7571-5550-B696BBA2B955}",
    "total_occurrences": 45,
    "total_constraints": 29
  },
  "physics": {
    "mass_kg": 4.3816962053236992,
    "center_of_mass": [
      -0.1126699823740229,
      -0.15110135419630372,
      4.2204708946057936
    ],
    "inertia_tensor": [
      1545.5615134275552,
      798.644526317438,
      1956.3492958945551,
      10.814785780635006,
      -12.055012093569497,
      12.203401568599785
    ]
  },
  "assembly_graph": {
    "nodes": [
      {
        "node_id": "1627316017-M1:1",
        "file_name": "E:\\Phase 1\\New-Assemblies\\PRANA - Assembly Automation\\Assembly 16\\Workspaces\\1830113088-M1\\1627316017-M1.ipt",
        "component_type": "kPartDocumentObject",
        "grounded": false,
        "suppressed": false,
        "visible": true,
        "adaptive": false,
        "flexible": false,
        "dof_translation": 0,
        "dof_rotation": 0,
        "fully_constrained": true,
        "transform": {
          "rotation_matrix": [
            [
              -1.0000000000000004,
              2.6165206926732879E-15,
              -1.1063118090575737E-16
            ],
            [
              3.0606099025233525E-15,
              0.9999999999999909,
              -1.6357984374758859E-15
            ],
            [
              4.76500251486312E-16,
              -7.2370831737795374E-17,
              -0.99999999999999378
            ]
          ],
          "translation_cm": [
            3.9390018220508694E-06,
            -1.00255124198184E-12,
            1.3403937029972588
          ]
        }
      },
      {
        "node_id": "0129327006-M1:1",
        "file_name": "E:\\Phase 1\\New-Assemblies\\PRANA - Assembly Automation\\Assembly 16\\Workspaces\\1830113088-M1\\0129327006-M1.ipt",
        "component_type": "kPartDocumentObject",
        "grounded": false,
        "suppressed": false,
        "visible": true,
        "adaptive": false,
        "flexible": false,
        "dof_translation": 0,
        "dof_rotation": 1,
        "fully_constrained": false,
        "transform": {
          "rotation_matrix": [
            [
              -0.3934583786037773,
              5.87518794498621E-16,
              0.919342430385156
            ],
            [
              0.919342430385156,
              1.931784615264137E-16,
              0.39345837860377741
            ],
            [
              1.2424283068911056E-16,
              1.0,
              -4.7423704210746215E-16
            ]
          ],
          "translation_cm": [
            12.500003939001902,
            25.499999999998717,
            1.7903937029972516
          ]
        }
      },
      {
        "node_id": "0129327006-M1:2",
        "file_name": "E:\\Phase 1\\New-Assemblies\\PRANA - Assembly Automation\\Assembly 16\\Workspaces\\1830113088-M1\\0129327006-M1.ipt",
        "component_type": "kPartDocumentObject",
        "grounded": false,
        "suppressed": false,
        "visible": true,
        "adaptive": false,
        "flexible": false,
        "dof_translation": 0,
        "dof_rotation": 1,
        "fully_constrained": false,
        "transform": {
          "rotation_matrix": [
            [
              0.98762080042813183,
              4.4408920985006262E-16,
              0.15686030269541246
            ],
            [
              0.15686030269541268,
              -1.2871984840221218E-16,
              -0.98762080042813183
            ],
            [
              -4.851234048567157E-16,
              1.0000000000000004,
              -3.7724725836512365E-18
            ]
          ],
          "translation_cm": [
            12.500003939001763,
            -25.500000000000817,
            1.7903937029972554
          ]
        }
      },
      {
        "node_id": "1627316000-M6:1",
        "file_name": "E:\\Phase 1\\New-Assemblies\\PRANA - Assembly Automation\\Assembly 16\\Workspaces\\1830113088-M1\\1627316000-M6.ipt",
        "component_type": "kPartDocumentObject",
        "grounded": true,
        "suppressed": false,
        "visible": true,
        "adaptive": false,
        "flexible": false,
        "dof_translation": 0,
        "dof_rotation": 0,
        "fully_constrained": false,
        "transform": {
          "rotation_matrix": [
            [
              0.86273529264235371,
              0.0,
              0.50565582645640728
            ],
            [
              -4.1730303208816964E-14,
              -1.0,
              7.1323816098819154E-14
            ],
            [
              0.50565582645640728,
              0.0,
              -0.86273529264235371
            ]
          ],
          "translation_cm": [
            18.509292893220884,
            -29.509999999999025,
            0.97953096158735686
          ]
        }
      },
      {
        "node_id": "1627316000-M6:3",
        "file_name": "E:\\Phase 1\\New-Assemblies\\PRANA - Assembly Automation\\Assembly 16\\Workspaces\\1830113088-M1\\1627316000-M6.ipt",
        "component_type": "kPartDocumentObject",
        "grounded": true,
        "suppressed": false,
        "visible": true,
        "adaptive": false,
        "flexible": false,
        "dof_translation": 0,
        "dof_rotation": 0,
        "fully_constrained": false,
        "transform": {
          "rotation_matrix": [
            [
              0.86273529264233906,
              0.0,
              0.50565582645643237
            ],
            [
              -4.167479205758392E-14,
              -1.0,
              7.12683049475889E-14
            ],
            [
              0.50565582645643248,
              0.0,
              -0.862735292642339
            ]
          ],
          "translation_cm": [
            -18.509292893220842,
            -29.509999999999032,
            0.97953096158792874
          ]
        }
      },
      {
        "node_id": "0266211000-M1-00:1",
        "file_name": "E:\\Phase 1\\New-Assemblies\\PRANA - Assembly Automation\\Assembly 16\\Workspaces\\1830113088-M1\\0266211000-M1-00.ipt",
        "component_type": "kPartDocumentObject",
        "grounded": false,
        "suppressed": false,
        "visible": true,
        "adaptive": false,
        "flexible": false,
        "dof_translation": 0,
        "dof_rotation": 1,
        "fully_constrained": false,
        "transform": {
          "rotation_matrix": [
            [
              1.0,
              3.4484719523332493E-32,
              -9.5300050297261269E-16
            ],
            [
              -3.4484719523332504E-32,
              -1.0,
              -7.2370831737795041E-17
            ],
            [
              -9.5300050297261269E-16,
              7.2370831737795041E-17,
              -1.0
            ]
          ],
          "translation_cm": [
            -14.99999999999811,
            27.499999999998806,
            2.0203937029972638
          ]
        }
      },
      {
        "node_id": "0266211000-M1-00:2",
        "file_name": "E:\\Phase 1\\New-Assemblies\\PRANA - Assembly Automation\\Assembly 16\\Workspaces\\1830113088-M1\\0266211000-M1-00.ipt",
        "component_type": "kPartDocumentObject",
        "grounded": false,
        "suppressed": false,
        "visible": true,
        "adaptive": false,
        "flexible": false,
        "dof_translation": 0,
        "dof_rotation": 0,
        "fully_constrained": true,
        "transform": {
          "rotation_matrix": [
            [
              1.0,
              3.44847195233325E-32,
              -9.5300050297261269E-16
            ],
            [
              -3.44847195233325E-32,
              -1.0,
              -7.2370831737795041E-17
            ],
            [
              -9.5300050297261269E-16,
              7.2370831737795041E-17,
              -1.0
            ]
          ],
          "translation_cm": [
            -14.99999999999811,
            -27.50000000000119,
            2.0203937029972638
          ]
        }
      },
      {
        "node_id": "0266211000-M1-00:3",
        "file_name": "E:\\Phase 1\\New-Assemblies\\PRANA - Assembly Automation\\Assembly 16\\Workspaces\\1830113088-M1\\0266211000-M1-00.ipt",
        "component_type": "kPartDocumentObject",
        "grounded": false,
        "suppressed": false,
        "visible": true,
        "adaptive": false,
        "flexible": false,
        "dof_translation": 0,
        "dof_rotation": 0,
        "fully_constrained": true,
        "transform": {
          "rotation_matrix": [
            [
              1.0,
              3.44847195233323E-32,
              -9.5300050297261269E-16
            ],
            [
              -3.4484719523332317E-32,
              -1.0,
              -7.2370831737794647E-17
            ],
            [
              -9.5300050297261269E-16,
              7.2370831737794647E-17,
              -1.0
            ]
          ],
          "translation_cm": [
            15.00000000000189,
            27.49999999999881,
            2.0203937029972643
          ]
        }
      },
      {
        "node_id": "0266211000-M1-00:4",
        "file_name": "E:\\Phase 1\\New-Assemblies\\PRANA - Assembly Automation\\Assembly 16\\Workspaces\\1830113088-M1\\0266211000-M1-00.ipt",
        "component_type": "kPartDocumentObject",
        "grounded": false,
        "suppressed": false,
        "visible": true,
        "adaptive": false,
        "flexible": false,
        "dof_translation": 0,
        "dof_rotation": 0,
        "fully_constrained": true,
        "transform": {
          "rotation_matrix": [
            [
              1.0,
              3.4484719523332493E-32,
              -9.5300050297261269E-16
            ],
            [
              -3.4484719523332504E-32,
              -1.0,
              -7.2370831737795041E-17
            ],
            [
              -9.5300050297261269E-16,
              7.2370831737795041E-17,
              -1.0
            ]
          ],
          "translation_cm": [
            15.00000000000189,
            -27.50000000000119,
            2.0203937029972643
          ]
        }
      },
      {
        "node_id": "1627316002-M10:2",
        "file_name": "E:\\Phase 1\\New-Assemblies\\PRANA - Assembly Automation\\Assembly 16\\Workspaces\\1830113088-M1\\1627316002-M10.ipt",
        "component_type": "kPartDocumentObject",
        "grounded": true,
        "suppressed": false,
        "visible": true,
        "adaptive": false,
        "flexible": false,
        "dof_translation": 0,
        "dof_rotation": 0,
        "fully_constrained": false,
        "transform": {
          "rotation_matrix": [
            [
              -1.0,
              -9.3345229167917126E-60,
              -7.8886090522101181E-31
            ],
            [
              -3.7910090886199343E-44,
              2.8025969286496341E-45,
              -1.0
            ],
            [
              0.0,
              -1.0,
              -4.9303806576313238E-32
            ]
          ],
          "translation_cm": [
            17.340000000003037,
            26.900292893220421,
            20.893365852407044
          ]
        }
      },
      {
        "node_id": "1627316002-M10:1",
        "file_name": "E:\\Phase 1\\New-Assemblies\\PRANA - Assembly Automation\\Assembly 16\\Workspaces\\1830113088-M1\\1627316002-M10.ipt",
        "component_type": "kPartDocumentObject",
        "grounded": true,
        "suppressed": false,
        "visible": true,
        "adaptive": false,
        "flexible": false,
        "dof_translation": 0,
        "dof_rotation": 0,
        "fully_constrained": false,
        "transform": {
          "rotation_matrix": [
            [
              1.0,
              -9.3345229167917126E-60,
              7.8886090522101181E-31
            ],
            [
              3.7910090886199343E-44,
              2.8025969286496341E-45,
              1.0
            ],
            [
              0.0,
              -1.0,
              4.9303806576313238E-32
            ]
          ],
          "translation_cm": [
            -17.359999999996873,
            -26.899707106779562,
            20.89336585240704
          ]
        }
      },
      {
        "node_id": "0261109097-M1:1",
        "file_name": "E:\\Phase 1\\New-Assemblies\\PRANA - Assembly Automation\\Assembly 16\\Workspaces\\1830113088-M1\\0261109097-M1.ipt",
        "component_type": "kPartDocumentObject",
        "grounded": false,
        "suppressed": false,
        "visible": true,
        "adaptive": false,
        "flexible": false,
        "dof_translation": 0,
        "dof_rotation": 1,
        "fully_constrained": false,
        "transform": {
          "rotation_matrix": [
            [
              0.14574759676955309,
              -0.98932180711630258,
              1.0653597321714892E-19
            ],
            [
              0.989321807116311,
              0.14574759676955842,
              -3.1847282444207113E-16
            ],
            [
              -3.1677637794357126E-16,
              2.1502500598648584E-15,
              0.9999999999999849
            ]
          ],
          "translation_cm": [
            16.340000000000121,
            25.065292893221862,
            20.303365852407062
          ]
        }
      },
      {
        "node_id": "0300027473-M1:1",
        "file_name": "E:\\Phase 1\\New-Assemblies\\PRANA - Assembly Automation\\Assembly 16\\Workspaces\\1830113088-M1\\0300027473-M1.ipt",
        "component_type": "kPartDocumentObject",
        "grounded": false,
        "suppressed": false,
        "visible": true,
        "adaptive": false,
        "flexible": false,
        "dof_translation": 0,
        "dof_rotation": 1,
        "fully_constrained": false,
        "transform": {
          "rotation_matrix": [
            [
              -0.84251709087057824,
              0.53866961264856583,
              3.8580962259832803E-16
            ],
            [
              0.53866961264857471,
              0.84251709087058291,
              3.7045260199828221E-16
            ],
            [
              1.779558013219216E-15,
              -1.1377737449526686E-15,
              -0.99999999999997913
            ]
          ],
          "translation_cm": [
            16.340000000000117,
            25.065292893221852,
            20.773365852407057
          ]
        }
      },
      {
        "node_id": "0261109097-M1:2",
        "file_name": "E:\\Phase 1\\New-Assemblies\\PRANA - Assembly Automation\\Assembly 16\\Workspaces\\1830113088-M1\\0261109097-M1.ipt",
        "component_type": "kPartDocumentObject",
        "grounded": false,
        "suppressed": false,
        "visible": true,
        "adaptive": false,
        "flexible": false,
        "dof_translation": 0,
        "dof_rotation": 0,
        "fully_constrained": true,
        "transform": {
          "rotation_matrix": [
            [
              0.14574759676955309,
              -0.98932180711630258,
              1.0653597321713824E-19
            ],
            [
              0.989321807116311,
              0.14574759676955842,
              -3.1847282444207123E-16
            ],
            [
              -3.1677637794357112E-16,
              2.1502500598648573E-15,
              0.9999999999999849
            ]
          ],
          "translation_cm": [
            16.340000000000362,
            -24.934707106778141,
            20.303365852407079
          ]
        }
      },
      {
        "node_id": "0300027473-M1:2",
        "file_name": "E:\\Phase 1\\New-Assemblies\\PRANA - Assembly Automation\\Assembly 16\\Workspaces\\1830113088-M1\\0300027473-M1.ipt",
        "component_type": "kPartDocumentObject",
        "grounded": false,
        "suppressed": false,
        "visible": true,
        "adaptive": false,
        "flexible": false,
        "dof_translation": 0,
        "dof_rotation": 0,
        "fully_constrained": true,
        "transform": {
          "rotation_matrix": [
            [
              -0.84251709087057824,
              0.53866961264856583,
              3.8580962259832803E-16
            ],
            [
              0.53866961264857471,
              0.84251709087058291,
              3.7045260199828181E-16
            ],
            [
              1.779558013219216E-15,
              -1.1377737449526686E-15,
              -0.99999999999997913
            ]
          ],
          "translation_cm": [
            16.340000000000359,
            -24.934707106778152,
            20.773365852407075
          ]
        }
      },
      {
        "node_id": "0261109097-M1:3",
        "file_name": "E:\\Phase 1\\New-Assemblies\\PRANA - Assembly Automation\\Assembly 16\\Workspaces\\1830113088-M1\\0261109097-M1.ipt",
        "component_type": "kPartDocumentObject",
        "grounded": false,
        "suppressed": false,
        "visible": true,
        "adaptive": false,
        "flexible": false,
        "dof_translation": 0,
        "dof_rotation": 0,
        "fully_constrained": true,
        "transform": {
          "rotation_matrix": [
            [
              0.14574759676955309,
              -0.98932180711630258,
              1.0653597321712822E-19
            ],
            [
              0.989321807116311,
              0.14574759676955842,
              -3.1847282444207143E-16
            ],
            [
              -3.1677637794357087E-16,
              2.1502500598648565E-15,
              0.9999999999999849
            ]
          ],
          "translation_cm": [
            -16.359999999999882,
            25.065292893221866,
            20.303365852407143
          ]
        }
      },
      {
        "node_id": "0300027473-M1:3",
        "file_name": "E:\\Phase 1\\New-Assemblies\\PRANA - Assembly Automation\\Assembly 16\\Workspaces\\1830113088-M1\\0300027473-M1.ipt",
        "component_type": "kPartDocumentObject",
        "grounded": false,
        "suppressed": false,
        "visible": true,
        "adaptive": false,
        "flexible": false,
        "dof_translation": 0,
        "dof_rotation": 0,
        "fully_constrained": true,
        "transform": {
          "rotation_matrix": [
            [
              -0.84251709087057824,
              0.53866961264856583,
              3.8580962259832803E-16
            ],
            [
              0.53866961264857471,
              0.84251709087058291,
              3.70452601998282E-16
            ],
            [
              1.7795580132192167E-15,
              -1.1377737449526682E-15,
              -0.99999999999997913
            ]
          ],
          "translation_cm": [
            -16.359999999999889,
            25.065292893221852,
            20.773365852407135
          ]
        }
      },
      {
        "node_id": "0261109097-M1:4",
        "file_name": "E:\\Phase 1\\New-Assemblies\\PRANA - Assembly Automation\\Assembly 16\\Workspaces\\1830113088-M1\\0261109097-M1.ipt",
        "component_type": "kPartDocumentObject",
        "grounded": false,
        "suppressed": false,
        "visible": true,
        "adaptive": false,
        "flexible": false,
        "dof_translation": 0,
        "dof_rotation": 0,
        "fully_constrained": true,
        "transform": {
          "rotation_matrix": [
            [
              0.14574759676955309,
              -0.98932180711630258,
              1.065359732171134E-19
            ],
            [
              0.989321807116311,
              0.14574759676955842,
              -3.1847282444207153E-16
            ],
            [
              -3.1677637794357067E-16,
              2.1502500598648557E-15,
              0.9999999999999849
            ]
          ],
          "translation_cm": [
            -16.359999999999648,
            -24.934707106778134,
            20.303365852407161
          ]
        }
      },
      {
        "node_id": "0300027473-M1:4",
        "file_name": "E:\\Phase 1\\New-Assemblies\\PRANA - Assembly Automation\\Assembly 16\\Workspaces\\1830113088-M1\\0300027473-M1.ipt",
        "component_type": "kPartDocumentObject",
        "grounded": false,
        "suppressed": false,
        "visible": true,
        "adaptive": false,
        "flexible": false,
        "dof_translation": 0,
        "dof_rotation": 0,
        "fully_constrained": true,
        "transform": {
          "rotation_matrix": [
            [
              -0.84251709087057824,
              0.53866961264856583,
              3.8580962259832813E-16
            ],
            [
              0.53866961264857471,
              0.84251709087058291,
              3.7045260199828013E-16
            ],
            [
              1.779558013219216E-15,
              -1.1377737449526698E-15,
              -0.99999999999997913
            ]
          ],
          "translation_cm": [
            -16.359999999999655,
            -24.934707106778145,
            20.773365852407153
          ]
        }
      },
      {
        "node_id": "1089915402-M1:1",
        "file_name": "E:\\Phase 1\\New-Assemblies\\PRANA - Assembly Automation\\Assembly 16\\Workspaces\\1830113088-M1\\1089915402-M1.ipt",
        "component_type": "kPartDocumentObject",
        "grounded": false,
        "suppressed": false,
        "visible": true,
        "adaptive": false,
        "flexible": false,
        "dof_translation": 0,
        "dof_rotation": 0,
        "fully_constrained": true,
        "transform": {
          "rotation_matrix": [
            [
              2.220446049249963E-16,
              3.0251840657818314E-15,
              -0.99999999999999822
            ],
            [
              -1.0,
              -1.1823914900339749E-14,
              1.387778780781526E-16
            ],
            [
              -9.00468968827537E-15,
              1.0,
              2.4980018054066271E-15
            ]
          ],
          "translation_cm": [
            -14.774999999999576,
            15.580292893219484,
            25.883365852410034
          ]
        }
      },
      {
        "node_id": "1202658400-M1:1",
        "file_name": "E:\\Phase 1\\New-Assemblies\\PRANA - Assembly Automation\\Assembly 16\\Workspaces\\1830113088-M1\\1202658400-M1.ipt",
        "component_type": "kPartDocumentObject",
        "grounded": false,
        "suppressed": false,
        "visible": true,
        "adaptive": false,
        "flexible": false,
        "dof_translation": 0,
        "dof_rotation": 0,
        "fully_constrained": true,
        "transform": {
          "rotation_matrix": [
            [
              1.1709504703357393E-14,
              2.0549826581007358E-28,
              0.99999999999999778
            ],
            [
              1.0000000000000027,
              1.7545488871308321E-14,
              3.6425164594451486E-17
            ],
            [
              -2.020180617695858E-14,
              0.99999999999999423,
              3.4416913763377881E-15
            ]
          ],
          "translation_cm": [
            -2.5000000000002416,
            -28.22999999999994,
            20.369538537455718
          ]
        }
      },
      {
        "node_id": "1627316002-M1:1",
        "file_name": "E:\\Phase 1\\New-Assemblies\\PRANA - Assembly Automation\\Assembly 16\\Workspaces\\1830113088-M1\\1627316002-M1.iam",
        "component_type": "kAssemblyDocumentObject",
        "grounded": true,
        "suppressed": false,
        "visible": true,
        "adaptive": false,
        "flexible": false,
        "dof_translation": 0,
        "dof_rotation": 0,
        "fully_constrained": false,
        "transform": {
          "rotation_matrix": [
            [
              0.99999999999998812,
              -4.8041498328484172E-15,
              1.8585443516766323E-45
            ],
            [
              -1.2246483892564012E-16,
              0.99999999999999689,
              1.5176166327881193E-29
            ],
            [
              -2.4980018054066018E-15,
              -3.7045260199828985E-16,
              0.99999999999997913
            ]
          ],
          "translation_cm": [
            -0.0099999999995504189,
            0.0652928932219394,
            20.8933658524099
          ]
        }
      },
      {
        "node_id": "1627316002-M1:1/1627316002-M2:1",
        "file_name": "E:\\Phase 1\\New-Assemblies\\PRANA - Assembly Automation\\Assembly 16\\Workspaces\\1830113088-M1\\1627316002-M2.ipt",
        "component_type": "kPartDocumentObject",
        "grounded": true,
        "suppressed": false,
        "visible": true,
        "adaptive": false,
        "flexible": false,
        "dof_translation": 0,
        "dof_rotation": 0,
        "fully_constrained": false,
        "transform": {
          "rotation_matrix": [
            [
              0.99999999999998812,
              -4.8041498328484172E-15,
              1.8585443516766323E-45
            ],
            [
              -1.2246483892564012E-16,
              0.99999999999999689,
              1.5176166327881193E-29
            ],
            [
              -2.4980018054066018E-15,
              -3.7045260199828985E-16,
              0.99999999999997913
            ]
          ],
          "translation_cm": [
            -0.0099999999995504189,
            0.0652928932219394,
            20.8933658524099
          ]
        }
      },
      {
        "node_id": "1627316002-M1:1/0228100008-M1:1",
        "file_name": "E:\\Phase 1\\New-Assemblies\\PRANA - Assembly Automation\\Assembly 16\\Workspaces\\1830113088-M1\\0228100008-M1.ipt",
        "component_type": "kPartDocumentObject",
        "grounded": true,
        "suppressed": false,
        "visible": true,
        "adaptive": false,
        "flexible": false,
        "dof_translation": 0,
        "dof_rotation": 0,
        "fully_constrained": false,
        "transform": {
          "rotation_matrix": [
            [
              4.8041498328484172E-15,
              0.99999999999998812,
              1.8585443516766323E-45
            ],
            [
              -0.99999999999999689,
              -1.2246483892564012E-16,
              1.5176166327881193E-29
            ],
            [
              3.7045260199828985E-16,
              -2.4980018054066018E-15,
              0.99999999999997913
            ]
          ],
          "translation_cm": [
            -16.35999999999914,
            -24.934707106777871,
            19.393365852409982
          ]
        }
      },
      {
        "node_id": "1627316002-M1:1/0228100006-M1:1",
        "file_name": "E:\\Phase 1\\New-Assemblies\\PRANA - Assembly Automation\\Assembly 16\\Workspaces\\1830113088-M1\\0228100006-M1.ipt",
        "component_type": "kPartDocumentObject",
        "grounded": true,
        "suppressed": false,
        "visible": true,
        "adaptive": false,
        "flexible": false,
        "dof_translation": 0,
        "dof_rotation": 0,
        "fully_constrained": false,
        "transform": {
          "rotation_matrix": [
            [
              -4.8041498328484172E-15,
              0.99999999999998812,
              -1.8585443516766323E-45
            ],
            [
              0.99999999999999689,
              -1.2246483892564012E-16,
              -1.5176166327881193E-29
            ],
            [
              -3.7045260199828985E-16,
              -2.4980018054066018E-15,
              -0.99999999999997913
            ]
          ],
          "translation_cm": [
            14.040000000000516,
            -25.684707106777967,
            20.541209434668172
          ]
        }
      },
      {
        "node_id": "1627316002-M1:1/0228100008-M1:2",
        "file_name": "E:\\Phase 1\\New-Assemblies\\PRANA - Assembly Automation\\Assembly 16\\Workspaces\\1830113088-M1\\0228100008-M1.ipt",
        "component_type": "kPartDocumentObject",
        "grounded": true,
        "suppressed": false,
        "visible": true,
        "adaptive": false,
        "flexible": false,
        "dof_translation": 0,
        "dof_rotation": 0,
        "fully_constrained": false,
        "transform": {
          "rotation_matrix": [
            [
              -0.31547327791998503,
              -0.94893446081296351,
              -1.9428902930939979E-15
            ],
            [
              0.94893446081297883,
              -0.31547327791998186,
              -5.8069188365036019E-16
            ],
            [
              5.1056444387758627E-16,
              2.7100387167384416E-15,
              0.99999999999998024
            ]
          ],
          "translation_cm": [
            -16.359999999999413,
            25.065292893221894,
            19.393365852409964
          ]
        }
      },
      {
        "node_id": "1627316002-M1:1/0228100008-M1:3",
        "file_name": "E:\\Phase 1\\New-Assemblies\\PRANA - Assembly Automation\\Assembly 16\\Workspaces\\1830113088-M1\\0228100008-M1.ipt",
        "component_type": "kPartDocumentObject",
        "grounded": true,
        "suppressed": false,
        "visible": true,
        "adaptive": false,
        "flexible": false,
        "dof_translation": 0,
        "dof_rotation": 0,
        "fully_constrained": false,
        "transform": {
          "rotation_matrix": [
            [
              -0.79599091255646071,
              0.605308571827221,
              -1.7760269716345734E-16
            ],
            [
              -0.60530857182722286,
              -0.79599091255647147,
              -2.4791225163633571E-16
            ],
            [
              2.2126248720985822E-15,
              -1.2171850005289591E-15,
              0.999999999999979
            ]
          ],
          "translation_cm": [
            16.340000000000121,
            25.065292893221855,
            19.393365852409882
          ]
        }
      },
      {
        "node_id": "1627316002-M1:1/0228100008-M1:4",
        "file_name": "E:\\Phase 1\\New-Assemblies\\PRANA - Assembly Automation\\Assembly 16\\Workspaces\\1830113088-M1\\0228100008-M1.ipt",
        "component_type": "kPartDocumentObject",
        "grounded": false,
        "suppressed": false,
        "visible": true,
        "adaptive": false,
        "flexible": false,
        "dof_translation": 0,
        "dof_rotation": 0,
        "fully_constrained": true,
        "transform": {
          "rotation_matrix": [
            [
              0.91009015005565708,
              0.41441032657457755,
              -3.0245100350747113E-17
            ],
            [
              -0.41441032657458571,
              0.91009015005566307,
              1.5166098561219519E-29
            ],
            [
              -2.0923616862306416E-15,
              -1.3598091261899589E-15,
              0.99999999999997935
            ]
          ],
          "translation_cm": [
            16.340000000000366,
            -24.934707106778006,
            19.3933658524099
          ]
        }
      },
      {
        "node_id": "1830113097-M1:1",
        "file_name": "E:\\Phase 1\\New-Assemblies\\PRANA - Assembly Automation\\Assembly 16\\Workspaces\\1830113088-M1\\1830113097-M1.iam",
        "component_type": "kAssemblyDocumentObject",
        "grounded": true,
        "suppressed": false,
        "visible": true,
        "adaptive": false,
        "flexible": false,
        "dof_translation": 0,
        "dof_rotation": 0,
        "fully_constrained": false,
        "transform": {
          "rotation_matrix": [
            [
              1.0,
              0.0,
              0.0
            ],
            [
              0.0,
              1.0,
              0.0
            ],
            [
              0.0,
              0.0,
              1.0
            ]
          ],
          "translation_cm": [
            0.0,
            0.0,
            0.0
          ]
        }
      },
      {
        "node_id": "1830113097-M1:1/1830113098-M1:1",
        "file_name": "E:\\Phase 1\\New-Assemblies\\PRANA - Assembly Automation\\Assembly 16\\Workspaces\\1830113088-M1\\1830113098-M1.ipt",
        "component_type": "kPartDocumentObject",
        "grounded": true,
        "suppressed": false,
        "visible": true,
        "adaptive": false,
        "flexible": false,
        "dof_translation": 0,
        "dof_rotation": 0,
        "fully_constrained": false,
        "transform": {
          "rotation_matrix": [
            [
              1.0,
              0.0,
              0.0
            ],
            [
              0.0,
              1.0,
              0.0
            ],
            [
              0.0,
              0.0,
              1.0
            ]
          ],
          "translation_cm": [
            0.0,
            0.0,
            0.0
          ]
        }
      },
      {
        "node_id": "1830113097-M1:1/0228100006-M1:1",
        "file_name": "E:\\Phase 1\\New-Assemblies\\PRANA - Assembly Automation\\Assembly 16\\Workspaces\\1830113088-M1\\0228100006-M1.ipt",
        "component_type": "kPartDocumentObject",
        "grounded": true,
        "suppressed": false,
        "visible": true,
        "adaptive": false,
        "flexible": false,
        "dof_translation": 0,
        "dof_rotation": 0,
        "fully_constrained": false,
        "transform": {
          "rotation_matrix": [
            [
              0.99182161412362035,
              -0.12763183676972731,
              9.9920072216264089E-16
            ],
            [
              0.12763183676972734,
              0.99182161412362135,
              -5.9961629558104126E-17
            ],
            [
              -4.1357533277964717E-17,
              5.32206382817734E-18,
              0.99999999999999956
            ]
          ],
          "translation_cm": [
            -14.999999999997387,
            27.499999999998838,
            0.12000000000000077
          ]
        }
      },
      {
        "node_id": "1830113097-M1:1/0228100006-M1:2",
        "file_name": "E:\\Phase 1\\New-Assemblies\\PRANA - Assembly Automation\\Assembly 16\\Workspaces\\1830113088-M1\\0228100006-M1.ipt",
        "component_type": "kPartDocumentObject",
        "grounded": false,
        "suppressed": false,
        "visible": true,
        "adaptive": false,
        "flexible": false,
        "dof_translation": 0,
        "dof_rotation": 0,
        "fully_constrained": true,
        "transform": {
          "rotation_matrix": [
            [
              0.99182161412362035,
              -0.12763183676972731,
              9.9920072216264089E-16
            ],
            [
              0.12763183676972734,
              0.99182161412362135,
              -5.9961629558104126E-17
            ],
            [
              -4.1357533277964717E-17,
              5.32206382817734E-18,
              0.99999999999999956
            ]
          ],
          "translation_cm": [
            -14.999999999997389,
            -27.500000000001169,
            0.12000000000000077
          ]
        }
      },
      {
        "node_id": "1830113097-M1:1/0228100006-M1:3",
        "file_name": "E:\\Phase 1\\New-Assemblies\\PRANA - Assembly Automation\\Assembly 16\\Workspaces\\1830113088-M1\\0228100006-M1.ipt",
        "component_type": "kPartDocumentObject",
        "grounded": false,
        "suppressed": false,
        "visible": true,
        "adaptive": false,
        "flexible": false,
        "dof_translation": 0,
        "dof_rotation": 0,
        "fully_constrained": true,
        "transform": {
          "rotation_matrix": [
            [
              0.99182161412362035,
              -0.12763183676972731,
              9.9920072216264089E-16
            ],
            [
              0.12763183676972734,
              0.99182161412362135,
              -5.9961629558104126E-17
            ],
            [
              -4.1357533277964717E-17,
              5.32206382817734E-18,
              0.99999999999999956
            ]
          ],
          "translation_cm": [
            15.000000000002613,
            27.499999999998842,
            0.12000000000000077
          ]
        }
      },
      {
        "node_id": "1830113097-M1:1/0228100006-M1:4",
        "file_name": "E:\\Phase 1\\New-Assemblies\\PRANA - Assembly Automation\\Assembly 16\\Workspaces\\1830113088-M1\\0228100006-M1.ipt",
        "component_type": "kPartDocumentObject",
        "grounded": false,
        "suppressed": false,
        "visible": true,
        "adaptive": false,
        "flexible": false,
        "dof_translation": 0,
        "dof_rotation": 0,
        "fully_constrained": true,
        "transform": {
          "rotation_matrix": [
            [
              0.99182161412362035,
              -0.12763183676972731,
              9.9920072216264089E-16
            ],
            [
              0.12763183676972734,
              0.99182161412362135,
              -5.9961629558104126E-17
            ],
            [
              -4.1357533277964717E-17,
              5.32206382817734E-18,
              0.99999999999999956
            ]
          ],
          "translation_cm": [
            15.00000000000262,
            -27.500000000001162,
            0.12000000000000077
          ]
        }
      },
      {
        "node_id": "1830113097-M1:1/0228100006-M1:5",
        "file_name": "E:\\Phase 1\\New-Assemblies\\PRANA - Assembly Automation\\Assembly 16\\Workspaces\\1830113088-M1\\0228100006-M1.ipt",
        "component_type": "kPartDocumentObject",
        "grounded": true,
        "suppressed": false,
        "visible": true,
        "adaptive": false,
        "flexible": false,
        "dof_translation": 0,
        "dof_rotation": 0,
        "fully_constrained": false,
        "transform": {
          "rotation_matrix": [
            [
              -3.347349124070914E-17,
              3.6937099530568739E-18,
              1.0000000000000004
            ],
            [
              0.99396677702389435,
              -0.10968156715114585,
              -1.1102230246251565E-16
            ],
            [
              0.10968156715114602,
              0.99396677702389491,
              4.12954448050691E-16
            ]
          ],
          "translation_cm": [
            -19.880000000000031,
            22.499999999998757,
            14.520000000001478
          ]
        }
      },
      {
        "node_id": "1830113097-M1:1/0228100006-M1:6",
        "file_name": "E:\\Phase 1\\New-Assemblies\\PRANA - Assembly Automation\\Assembly 16\\Workspaces\\1830113088-M1\\0228100006-M1.ipt",
        "component_type": "kPartDocumentObject",
        "grounded": true,
        "suppressed": false,
        "visible": true,
        "adaptive": false,
        "flexible": false,
        "dof_translation": 0,
        "dof_rotation": 0,
        "fully_constrained": false,
        "transform": {
          "rotation_matrix": [
            [
              5.4622515214627584E-17,
              7.8184761557226725E-17,
              -1.0000000000000002
            ],
            [
              0.572710443611936,
              0.81975773724791268,
              1.9498291869979312E-15
            ],
            [
              0.81975773724791345,
              -0.5727104436119369,
              -5.2509514579489261E-16
            ]
          ],
          "translation_cm": [
            19.880000000000035,
            -22.499999999999794,
            14.520000000001207
          ]
        }
      },
      {
        "node_id": "1830113097-M1:1/0298100025-M1-00:1",
        "file_name": "E:\\Phase 1\\New-Assemblies\\PRANA - Assembly Automation\\Assembly 16\\Workspaces\\1830113088-M1\\0298100025-M1-00.ipt",
        "component_type": "kPartDocumentObject",
        "grounded": false,
        "suppressed": false,
