{
  "assembly_metadata": {
    "assembly_name": "1837073399-M1.iam",
    "full_file_name": "E:\\Phase 1\\New-Assemblies\\PRANA - Assembly Automation\\Assembly 17\\Workspaces\\1837073399-M1\\1837073399-M1.iam",
    "internal_name": "{6D98A6C6-4D43-78A0-8527-8EA771A927CE}",
    "total_occurrences": 31,
    "total_constraints": 35
  },
  "physics": {
    "mass_kg": 1.9167290941345929,
    "center_of_mass": [
      316.95129450187369,
      72.6753763241298,
      32.387369422476887
    ],
    "inertia_tensor": [
      717.30709524505585,
      1239.1799749405086,
      1112.6076582583189,
      -359.203841135405,
      226.46622467773034,
      446.21620940837636
    ]
  },
  "assembly_graph": {
    "nodes": [
      {
        "node_id": "1614879000-M1:1",
        "file_name": "E:\\Phase 1\\New-Assemblies\\PRANA - Assembly Automation\\Assembly 17\\Workspaces\\1837073399-M1\\1614879000-M1.ipt",
        "component_type": "kPartDocumentObject",
        "grounded": true,
        "suppressed": false,
        "visible": true,
        "adaptive": false,
        "flexible": false,
        "dof_translation": 0,
        "dof_rotation": 0,
        "fully_constrained": false,
        "transform": {
          "rotation_matrix": [
            [
              4.5341816720984421E-15,
              0.99999999999999778,
              -6.5819637396808473E-16
            ],
            [
              -2.1041457438762713E-15,
              -2.0887498468528662E-16,
              -0.99999999999999944
            ],
            [
              -0.99999999999999789,
              5.81093815041532E-15,
              2.1596568951074912E-15
            ]
          ],
          "translation_cm": [
            281.20000000000249,
            54.956849387156026,
            49.951428489893196
          ]
        }
      },
      {
        "node_id": "1830109860-M1:1",
        "file_name": "E:\\Phase 1\\New-Assemblies\\PRANA - Assembly Automation\\Assembly 17\\Workspaces\\1837073399-M1\\1830109860-M1.ipt",
        "component_type": "kPartDocumentObject",
        "grounded": true,
        "suppressed": false,
        "visible": true,
        "adaptive": false,
        "flexible": false,
        "dof_translation": 0,
        "dof_rotation": 0,
        "fully_constrained": false,
        "transform": {
          "rotation_matrix": [
            [
              2.0534058254328058E-16,
              -1.0,
              3.9135361618036768E-15
            ],
            [
              0.99999999999999989,
              2.05340582543313E-16,
              3.9328951643299689E-15
            ],
            [
              -3.93289516432997E-15,
              3.9135361618036768E-15,
              1.0
            ]
          ],
          "translation_cm": [
            322.20000000000118,
            54.06164938715645,
            54.149999999999046
          ]
        }
      },
      {
        "node_id": "1614879000-M1:2",
        "file_name": "E:\\Phase 1\\New-Assemblies\\PRANA - Assembly Automation\\Assembly 17\\Workspaces\\1837073399-M1\\1614879000-M1.ipt",
        "component_type": "kPartDocumentObject",
        "grounded": true,
        "suppressed": false,
        "visible": true,
        "adaptive": false,
        "flexible": false,
        "dof_translation": 0,
        "dof_rotation": 0,
        "fully_constrained": false,
        "transform": {
          "rotation_matrix": [
            [
              4.5341816720974348E-15,
              0.99999999999999778,
              -6.5819637396808473E-16
            ],
            [
              -3.9328951643299626E-15,
              -2.08874984685276E-16,
              -0.99999999999999944
            ],
            [
              -0.99999999999999789,
              5.8109381504163285E-15,
              3.9884063155611857E-15
            ]
          ],
          "translation_cm": [
            322.2000000000013,
            55.461849387156462,
            54.149999999999061
          ]
        }
      },
      {
        "node_id": "0823000061-M1:1",
        "file_name": "E:\\Phase 1\\New-Assemblies\\PRANA - Assembly Automation\\Assembly 17\\Workspaces\\1837073399-M1\\0823000061-M1.ipt",
        "component_type": "kPartDocumentObject",
        "grounded": true,
        "suppressed": false,
        "visible": true,
        "adaptive": false,
        "flexible": false,
        "dof_translation": 0,
        "dof_rotation": 0,
        "fully_constrained": false,
        "transform": {
          "rotation_matrix": [
            [
              -1.2243194285636364E-15,
              -1.0,
              4.1496190834978458E-16
            ],
            [
              -0.99999999999999933,
              1.0577859748697318E-15,
              -1.5155470231771843E-15
            ],
            [
              1.5170824839144258E-15,
              -4.3398356831852735E-16,
              -0.99999999999999933
            ]
          ],
          "translation_cm": [
            337.0,
            80.900287203609622,
            7.9999999999988205
          ]
        }
      },
      {
        "node_id": "1606802503-M3:1",
        "file_name": "E:\\Phase 1\\New-Assemblies\\PRANA - Assembly Automation\\Assembly 17\\Workspaces\\1837073399-M1\\1606802503-M3.ipt",
        "component_type": "kPartDocumentObject",
        "grounded": true,
        "suppressed": false,
        "visible": true,
        "adaptive": false,
        "flexible": false,
        "dof_translation": 0,
        "dof_rotation": 0,
        "fully_constrained": false,
        "transform": {
          "rotation_matrix": [
            [
              0.99999999999999911,
              -1.8981965531880597E-29,
              1.4219631444009008E-14
            ],
            [
              -1.2325951644078309E-28,
              1.0000000000000013,
              -1.0842021724855044E-19
            ],
            [
              -1.4219631444006929E-14,
              3.5019730171286545E-17,
              1.0000000000000027
            ]
          ],
          "translation_cm": [
            326.73413907668618,
            85.942705307404921,
            35.274367472072072
          ]
        }
      },
      {
        "node_id": "0581201859-M1:1",
        "file_name": "E:\\Phase 1\\New-Assemblies\\PRANA - Assembly Automation\\Assembly 17\\Workspaces\\1837073399-M1\\0581201859-M1.ipt",
        "component_type": "kPartDocumentObject",
        "grounded": true,
        "suppressed": false,
        "visible": true,
        "adaptive": false,
        "flexible": false,
        "dof_translation": 0,
        "dof_rotation": 0,
        "fully_constrained": false,
        "transform": {
          "rotation_matrix": [
            [
              -0.99999999999999911,
              3.6198592685874146E-16,
              1.4219631444009008E-14
            ],
            [
              -3.619859268587922E-16,
              -1.0000000000000013,
              -8.4644205707029574E-15
            ],
            [
              1.4219631444008983E-14,
              -8.499331880657E-15,
              1.0000000000000027
            ]
          ],
          "translation_cm": [
            333.38937127668623,
            85.942705307404893,
            35.27436747207198
          ]
        }
      },
      {
        "node_id": "0581203053-M1:1",
        "file_name": "E:\\Phase 1\\New-Assemblies\\PRANA - Assembly Automation\\Assembly 17\\Workspaces\\1837073399-M1\\0581203053-M1.ipt",
        "component_type": "kPartDocumentObject",
        "grounded": true,
        "suppressed": false,
        "visible": true,
        "adaptive": false,
        "flexible": false,
        "dof_translation": 0,
        "dof_rotation": 0,
        "fully_constrained": false,
        "transform": {
          "rotation_matrix": [
            [
              1.0577859748695931E-15,
              -1.0,
              2.1424774069719291E-14
            ],
            [
              1.0,
              1.0577859748697633E-15,
              1.4543167054860432E-15
            ],
            [
              -1.4543167054859264E-15,
              2.1424774069720231E-14,
              1.0
            ]
          ],
          "translation_cm": [
            337.0,
            83.440287203609628,
            7.9999999999988152
          ]
        }
      },
      {
        "node_id": "1606802503-M3:2",
        "file_name": "E:\\Phase 1\\New-Assemblies\\PRANA - Assembly Automation\\Assembly 17\\Workspaces\\1837073399-M1\\1606802503-M3.ipt",
        "component_type": "kPartDocumentObject",
        "grounded": true,
        "suppressed": false,
        "visible": true,
        "adaptive": false,
        "flexible": false,
        "dof_translation": 0,
        "dof_rotation": 0,
        "fully_constrained": false,
        "transform": {
          "rotation_matrix": [
            [
              1.0,
              2.0752526849614395E-15,
              1.4694770411073036E-14
            ],
            [
              -2.0752526849614739E-15,
              1.0,
              3.8603288748398174E-16
            ],
            [
              -1.4694770411073633E-14,
              -3.8603288748394861E-16,
              1.0
            ]
          ],
          "translation_cm": [
            316.31739999999985,
            63.942008705342559,
            34.853290639508231
          ]
        }
      },
      {
        "node_id": "0581201859-M1:2",
        "file_name": "E:\\Phase 1\\New-Assemblies\\PRANA - Assembly Automation\\Assembly 17\\Workspaces\\1837073399-M1\\0581201859-M1.ipt",
        "component_type": "kPartDocumentObject",
        "grounded": true,
        "suppressed": false,
        "visible": true,
        "adaptive": false,
        "flexible": false,
        "dof_translation": 0,
        "dof_rotation": 0,
        "fully_constrained": false,
        "transform": {
          "rotation_matrix": [
            [
              -1.0,
              -1.7132667581027165E-15,
              1.4694770411073021E-14
            ],
            [
              1.7132667581026202E-15,
              -1.0,
              -8.07825823752115E-15
            ],
            [
              1.4694770411074592E-14,
              -8.0782582375212949E-15,
              1.0
            ]
          ],
          "translation_cm": [
            322.97263219999985,
            63.942008705342545,
            34.853290639508117
          ]
        }
      },
      {
        "node_id": "1619642206-M1:1",
        "file_name": "E:\\Phase 1\\New-Assemblies\\PRANA - Assembly Automation\\Assembly 17\\Workspaces\\1837073399-M1\\1619642206-M1.ipt",
        "component_type": "kPartDocumentObject",
        "grounded": true,
        "suppressed": false,
        "visible": true,
        "adaptive": false,
        "flexible": false,
        "dof_translation": 0,
        "dof_rotation": 0,
        "fully_constrained": false,
        "transform": {
          "rotation_matrix": [
            [
              2.58665844001749E-16,
              -0.88405495061934,
              -0.467382973893388
            ],
            [
              1.0,
              -8.06658311710004E-16,
              2.07922875288295E-15
            ],
            [
              -2.21517083309925E-15,
              -0.467382973893388,
              0.88405495061934
            ]
          ],
          "translation_cm": [
            283.06,
            60.6846,
            46.432900000000004
          ]
        }
      },
      {
        "node_id": "1830179041-M1:1",
        "file_name": "E:\\Phase 1\\New-Assemblies\\PRANA - Assembly Automation\\Assembly 17\\Workspaces\\1837073399-M1\\1830179041-M1.ipt",
        "component_type": "kPartDocumentObject",
        "grounded": true,
        "suppressed": false,
        "visible": true,
        "adaptive": false,
        "flexible": false,
        "dof_translation": 0,
        "dof_rotation": 0,
        "fully_constrained": false,
        "transform": {
          "rotation_matrix": [
            [
              1.469477041107262E-14,
              4.4408920985006262E-16,
              -1.0000000000000011
            ],
            [
              2.119009049758E-15,
              1.0000000000000011,
              5.5511151231272569E-17
            ],
            [
              0.99999999999999978,
              -2.1190090497577135E-15,
              1.4694770411073257E-14
            ]
          ],
          "translation_cm": [
            307.99999999999989,
            63.942008705342879,
            28.071490639508337
          ]
        }
      },
      {
        "node_id": "1830179041-M1:2",
        "file_name": "E:\\Phase 1\\New-Assemblies\\PRANA - Assembly Automation\\Assembly 17\\Workspaces\\1837073399-M1\\1830179041-M1.ipt",
        "component_type": "kPartDocumentObject",
        "grounded": true,
        "suppressed": false,
        "visible": true,
        "adaptive": false,
        "flexible": false,
        "dof_translation": 0,
        "dof_rotation": 0,
        "fully_constrained": false,
        "transform": {
          "rotation_matrix": [
            [
              1.458860168371255E-14,
              1.5653390079483894E-15,
              1.0
            ],
            [
              1.4551616493578146E-15,
              -1.0,
              1.5653390079483687E-15
            ],
            [
              1.0,
              1.4551616493577918E-15,
              -1.4588601683712553E-14
            ]
          ],
          "translation_cm": [
            318.07659907668591,
            85.942705307405078,
            28.444967472072211
          ]
        }
      },
      {
        "node_id": "1619642106-M1:1",
        "file_name": "E:\\Phase 1\\New-Assemblies\\PRANA - Assembly Automation\\Assembly 17\\Workspaces\\1837073399-M1\\1619642106-M1.ipt",
        "component_type": "kPartDocumentObject",
        "grounded": true,
        "suppressed": false,
        "visible": true,
        "adaptive": false,
        "flexible": false,
        "dof_translation": 0,
        "dof_rotation": 0,
        "fully_constrained": false,
        "transform": {
          "rotation_matrix": [
            [
              1.4219631444008955E-14,
              -8.9920519317329964E-16,
              -0.99999999999999956
            ],
            [
              1.7860048907278316E-15,
              0.99999999999999933,
              -1.5653390079483695E-15
            ],
            [
              0.99999999999999978,
              -1.677206254282785E-15,
              1.4085721611059404E-14
            ]
          ],
          "translation_cm": [
            318.07659907668597,
            85.942705307405078,
            31.286567472072214
          ]
        }
      },
      {
        "node_id": "1830179042-M1:1",
        "file_name": "E:\\Phase 1\\New-Assemblies\\PRANA - Assembly Automation\\Assembly 17\\Workspaces\\1837073399-M1\\1830179042-M1.ipt",
        "component_type": "kPartDocumentObject",
        "grounded": true,
        "suppressed": false,
        "visible": true,
        "adaptive": false,
        "flexible": false,
        "dof_translation": 0,
        "dof_rotation": 0,
        "fully_constrained": false,
        "transform": {
          "rotation_matrix": [
            [
              1.0,
              2.0752526849614388E-15,
              1.469477041107303E-14
            ],
            [
              -2.075252684961466E-15,
              1.0,
              3.8603288748397504E-16
            ],
            [
              -1.4694770411073513E-14,
              -3.8603288748399239E-16,
              1.0
            ]
          ],
          "translation_cm": [
            314.49113999999986,
            63.942008705342467,
            34.853290639508252
          ]
        }
      },
      {
        "node_id": "1830179042-M1:2",
        "file_name": "E:\\Phase 1\\New-Assemblies\\PRANA - Assembly Automation\\Assembly 17\\Workspaces\\1837073399-M1\\1830179042-M1.ipt",
        "component_type": "kPartDocumentObject",
        "grounded": true,
        "suppressed": false,
        "visible": true,
        "adaptive": false,
        "flexible": false,
        "dof_translation": 0,
        "dof_rotation": 0,
        "fully_constrained": false,
        "transform": {
          "rotation_matrix": [
            [
              0.99999999999999911,
              -1.8981965531880597E-29,
              1.4219631444009005E-14
            ],
            [
              -1.2306230121447784E-28,
              1.0000000000000013,
              -1.0842021724855044E-19
            ],
            [
              -1.4219631444006923E-14,
              3.5019730171286545E-17,
              1.0000000000000027
            ]
          ],
          "translation_cm": [
            324.75613907668617,
            85.942705307404822,
            35.274367472072093
          ]
        }
      },
      {
        "node_id": "1830179043-M1:1",
        "file_name": "E:\\Phase 1\\New-Assemblies\\PRANA - Assembly Automation\\Assembly 17\\Workspaces\\1837073399-M1\\1830179043-M1.ipt",
        "component_type": "kPartDocumentObject",
        "grounded": true,
        "suppressed": false,
        "visible": true,
        "adaptive": false,
        "flexible": false,
        "dof_translation": 0,
        "dof_rotation": 0,
        "fully_constrained": false,
        "transform": {
          "rotation_matrix": [
            [
              9.7852682222783185E-17,
              -1.0,
              2.2151680463387908E-15
            ],
            [
              1.0,
              9.78526822227876E-17,
              1.9931234414137576E-15
            ],
            [
              -1.993123441413758E-15,
              2.2151680463387908E-15,
              1.0
            ]
          ],
          "translation_cm": [
            281.20000000000249,
            53.556649387156,
            49.951428489893196
          ]
        }
      },
      {
        "node_id": "1619642106-M1:2",
        "file_name": "E:\\Phase 1\\New-Assemblies\\PRANA - Assembly Automation\\Assembly 17\\Workspaces\\1837073399-M1\\1619642106-M1.ipt",
        "component_type": "kPartDocumentObject",
        "grounded": true,
        "suppressed": false,
        "visible": true,
        "adaptive": false,
        "flexible": false,
        "dof_translation": 0,
        "dof_rotation": 0,
        "fully_constrained": false,
        "transform": {
          "rotation_matrix": [
            [
              1.0,
              7.3195828193809278E-16,
              1.469477041107303E-14
            ],
            [
              -7.31958281938139E-16,
              1.0,
              1.8969644448326747E-15
            ],
            [
              -1.469477041107351E-14,
              -1.8969644448326853E-15,
              1.0
            ]
          ],
          "translation_cm": [
            304.01219999999989,
            63.942008705342886,
            34.8532906395084
          ]
        }
      },
      {
        "node_id": "0581203088-M1:3",
        "file_name": "E:\\Phase 1\\New-Assemblies\\PRANA - Assembly Automation\\Assembly 17\\Workspaces\\1837073399-M1\\0581203088-M1.ipt",
        "component_type": "kPartDocumentObject",
        "grounded": true,
        "suppressed": false,
        "visible": true,
        "adaptive": false,
        "flexible": false,
        "dof_translation": 0,
        "dof_rotation": 0,
        "fully_constrained": false,
        "transform": {
          "rotation_matrix": [
            [
              4.85598509260056E-11,
              -0.670558053707321,
              0.741857059417938
            ],
            [
              -0.000447788638800285,
              0.741856985041317,
              0.670557986478978
            ],
            [
              -0.999999899742647,
              -0.000332195195383428,
              -0.000300268242081791
            ]
          ],
          "translation_cm": [
            343.41700000000003,
            85.9329,
            13.3709
          ]
        }
      },
      {
        "node_id": "1830181833-M2:1",
        "file_name": "E:\\Phase 1\\New-Assemblies\\PRANA - Assembly Automation\\Assembly 17\\Workspaces\\1837073399-M1\\1830181833-M2.iam",
        "component_type": "kAssemblyDocumentObject",
        "grounded": false,
        "suppressed": false,
        "visible": true,
        "adaptive": false,
        "flexible": false,
        "dof_translation": 0,
        "dof_rotation": 0,
        "fully_constrained": true,
        "transform": {
          "rotation_matrix": [
            [
              0.99999999999999711,
              6.0589552640603752E-13,
              9.9920072216139034E-16
            ],
            [
              -6.0589552640603853E-13,
              0.99999999999999822,
              -3.1083080881649164E-13
            ],
            [
              3.3306690739201482E-16,
              3.1083080881649109E-13,
              0.99999999999999711
            ]
          ],
          "translation_cm": [
            5.3907344653479159,
            6.0145000001811137,
            5.3409292276362681
          ]
        }
      },
      {
        "node_id": "1830181833-M2:1/1830181833-P1:3",
        "file_name": "E:\\Phase 1\\New-Assemblies\\PRANA - Assembly Automation\\Assembly 17\\Workspaces\\1837073399-M1\\1830181833-P1.ipt",
        "component_type": "kPartDocumentObject",
        "grounded": false,
        "suppressed": false,
        "visible": true,
        "adaptive": false,
        "flexible": false,
        "dof_translation": 0,
        "dof_rotation": 0,
        "fully_constrained": true,
        "transform": {
          "rotation_matrix": [
            [
              4.5805009484369344E-15,
              -0.88405495061933792,
              -0.46738297389338579
            ],
            [
              0.99999999999999822,
              4.0819908492726826E-15,
              2.0792299153045379E-15
            ],
            [
              6.9700873543770035E-17,
              -0.46738297389338695,
              0.88405495061933737
            ]
          ],
          "translation_cm": [
            283.3217344653803,
            60.6846,
            45.937829227653246
          ]
        }
      },
      {
        "node_id": "1830181833-M2:1/1830181833-P1:2",
        "file_name": "E:\\Phase 1\\New-Assemblies\\PRANA - Assembly Automation\\Assembly 17\\Workspaces\\1837073399-M1\\1830181833-P1.ipt",
        "component_type": "kPartDocumentObject",
        "grounded": false,
        "suppressed": false,
        "visible": true,
        "adaptive": false,
        "flexible": false,
        "dof_translation": 0,
        "dof_rotation": 0,
        "fully_constrained": true,
        "transform": {
          "rotation_matrix": [
            [
              -1.8289508928559832E-14,
              4.716308440151286E-15,
              0.999999999999997
            ],
            [
              -9.4400066730895666E-15,
              0.99999999999999822,
              -4.7163084401525931E-15
            ],
            [
              -0.99999999999999711,
              -9.4400066730901724E-15,
              -1.695724129900961E-14
            ]
          ],
          "translation_cm": [
            303.45048233442054,
            63.941942248431367,
            34.853350244492354
          ]
        }
      },
      {
        "node_id": "1830181833-M2:1/1830181833-P2:1",
        "file_name": "E:\\Phase 1\\New-Assemblies\\PRANA - Assembly Automation\\Assembly 17\\Workspaces\\1837073399-M1\\1830181833-P2.ipt",
        "component_type": "kPartDocumentObject",
        "grounded": false,
        "suppressed": false,
        "visible": true,
        "adaptive": false,
        "flexible": false,
        "dof_translation": 0,
        "dof_rotation": 0,
        "fully_constrained": true,
        "transform": {
          "rotation_matrix": [
            [
              1.8289508928559785E-14,
              4.6798792471601149E-15,
              -0.99999999999999245
            ],
            [
              1.0116672917020086E-14,
              0.99999999999999245,
              7.2110576390476387E-15
            ],
            [
              0.99999999999999545,
              -9.6489324317284825E-15,
              1.1943351822339572E-14
            ]
          ],
          "translation_cm": [
            302.05048233442068,
            63.941942248431381,
            34.853350244492376
          ]
        }
      },
      {
        "node_id": "1830181834-M2:1",
        "file_name": "E:\\Phase 1\\New-Assemblies\\PRANA - Assembly Automation\\Assembly 17\\Workspaces\\1837073399-M1\\1830181834-M2.iam",
        "component_type": "kAssemblyDocumentObject",
        "grounded": false,
        "suppressed": false,
        "visible": true,
        "adaptive": false,
        "flexible": false,
        "dof_translation": 0,
        "dof_rotation": 1,
        "fully_constrained": false,
        "transform": {
          "rotation_matrix": [
            [
              1.0,
              -3.9851554073860476E-30,
              -1.2536643324670603E-16
            ],
            [
              4.0162361221472071E-30,
              1.0,
              2.4791895211679867E-16
            ],
            [
              1.2536643324676574E-16,
              -2.47918952116805E-16,
              1.0
            ]
          ],
          "translation_cm": [
            -0.0004009233139186108,
            5.3074050754275874E-06,
            -3.2527927814379656E-05
          ]
        }
      },
      {
        "node_id": "1830181834-M2:1/1830181834-P1:1",
        "file_name": "E:\\Phase 1\\New-Assemblies\\PRANA - Assembly Automation\\Assembly 17\\Workspaces\\1837073399-M1\\1830181834-P1.ipt",
        "component_type": "kPartDocumentObject",
        "grounded": true,
        "suppressed": false,
        "visible": true,
        "adaptive": false,
        "flexible": false,
        "dof_translation": 0,
        "dof_rotation": 0,
        "fully_constrained": false,
        "transform": {
          "rotation_matrix": [
            [
              1.3985421512195417E-14,
              0.99999999999999745,
              -2.000653280987411E-15
            ],
            [
              -4.1808141164467964E-15,
              -2.0044661574226982E-16,
              -0.999999999999995
            ],
            [
              -1.0000000000000038,
              5.936304583663092E-15,
              1.8570955925604524E-14
            ]
          ],
          "translation_cm": [
            322.19959907668726,
            60.0588546945626,
            54.149967472071168
          ]
        }
      },
      {
        "node_id": "1830181834-M2:1/1830181834-P1:2",
        "file_name": "E:\\Phase 1\\New-Assemblies\\PRANA - Assembly Automation\\Assembly 17\\Workspaces\\1837073399-M1\\1830181834-P1.ipt",
        "component_type": "kPartDocumentObject",
        "grounded": false,
        "suppressed": false,
        "visible": true,
        "adaptive": false,
        "flexible": false,
        "dof_translation": 0,
        "dof_rotation": 0,
        "fully_constrained": true,
        "transform": {
          "rotation_matrix": [
            [
              -0.984055982770656,
              -0.177858996885956,
              -1.4085721604472195E-14
            ],
            [
              -0.177858996885956,
              0.984055982770656,
              -1.6772062673047786E-15
            ],
            [
              1.4159444844962514E-14,
              8.5480746729050629E-16,
              -1.0
            ]
          ],
          "translation_cm": [
            318.07659907668608,
            85.942705307405092,
            39.823767472072205
          ]
        }
      },
      {
        "node_id": "1830181834-M2:1/1830181834-P2:1",
        "file_name": "E:\\Phase 1\\New-Assemblies\\PRANA - Assembly Automation\\Assembly 17\\Workspaces\\1837073399-M1\\1830181834-P2.ipt",
        "component_type": "kPartDocumentObject",
        "grounded": false,
        "suppressed": false,
        "visible": true,
        "adaptive": false,
        "flexible": false,
        "dof_translation": 0,
        "dof_rotation": 0,
        "fully_constrained": true,
        "transform": {
          "rotation_matrix": [
            [
              1.3977027710099798E-14,
              0.999999999999999,
              2.0044661574235292E-16
            ],
            [
              4.1808141164467609E-15,
              -4.8434417817111181E-16,
              1.0
            ],
            [
              0.999999999999999,
              -1.3977027710099767E-14,
              -4.659788490841434E-15
            ]
          ],
          "translation_cm": [
            322.19959907668772,
            61.458854694562689,
            54.149967472071175
          ]
        }
      },
      {
        "node_id": "0070200149-M2:1 8.5 dm",
        "file_name": "E:\\Phase 1\\New-Assemblies\\PRANA - Assembly Automation\\Assembly 17\\Workspaces\\1837073399-M1\\0070200149-M2.iam",
        "component_type": "kAssemblyDocumentObject",
        "grounded": true,
        "suppressed": false,
        "visible": true,
        "adaptive": false,
        "flexible": false,
        "dof_translation": 0,
        "dof_rotation": 0,
        "fully_constrained": false,
        "transform": {
          "rotation_matrix": [
            [
              1.0,
              -1.4791141972893978E-31,
              1.2621774483536194E-29
            ],
            [
              -5.4234187233944588E-31,
              1.0000000000000013,
              5.421010860883335E-20
            ],
            [
              1.5777218104420242E-29,
              -5.4210108639717172E-20,
              1.0000000000000013
            ]
          ],
          "translation_cm": [
            -5.6843418860808116E-14,
            -5.6843418860808015E-14,
            -4.2632564145606024E-14
          ]
        }
      },
      {
        "node_id": "0070200149-M2:1 8.5 dm/0070200149-P1:1 4.8 dm",
        "file_name": "E:\\Phase 1\\New-Assemblies\\PRANA - Assembly Automation\\Assembly 17\\Workspaces\\1837073399-M1\\0070200149-P1.ipt",
        "component_type": "kPartDocumentObject",
        "grounded": true,
        "suppressed": false,
        "visible": true,
        "adaptive": false,
        "flexible": false,
        "dof_translation": 3,
        "dof_rotation": 3,
        "fully_constrained": false,
        "transform": {
          "rotation_matrix": [
            [
              -1.7132667581027165E-15,
              -1.4694770411073018E-14,
              1.0
            ],
            [
              -1.0,
              8.07825823752115E-15,
              -1.7132667581025978E-15
            ],
            [
              -8.0782582375211245E-15,
              -1.0,
              -1.4694770411073033E-14
            ]
          ],
          "translation_cm": [
            322.97263219999985,
            63.942008705342545,
            34.853290639508117
          ]
        }
      },
      {
        "node_id": "0070200149-M2:1 8.5 dm/0070200149-P2:1 1.63 dm",
        "file_name": "E:\\Phase 1\\New-Assemblies\\PRANA - Assembly Automation\\Assembly 17\\Workspaces\\1837073399-M1\\0070200149-P2.ipt",
        "component_type": "kPartDocumentObject",
        "grounded": true,
        "suppressed": false,
        "visible": true,
        "adaptive": false,
        "flexible": false,
        "dof_translation": 3,
        "dof_rotation": 3,
        "fully_constrained": false,
        "transform": {
          "rotation_matrix": [
            [
              2.5675402352779913E-16,
              -1.4302812528999812E-14,
              1.0
            ],
            [
              -0.99999989974250736,
              -0.00044778895510579764,
              2.5034918167983479E-16
            ],
            [
              0.00044778895510579764,
              -0.99999989974250736,
              -1.4302926041605502E-14
            ]
          ],
          "translation_cm": [
            333.31699999999995,
            85.942700000000059,
            35.274400000000007
          ]
        }
      },
      {
        "node_id": "0147136403-M1-00:1",
        "file_name": "E:\\Phase 1\\New-Assemblies\\PRANA - Assembly Automation\\Assembly 17\\Workspaces\\1837073399-M1\\0147136403-M1-00.ipt",
        "component_type": "kPartDocumentObject",
        "grounded": false,
        "suppressed": false,
        "visible": true,
        "adaptive": false,
        "flexible": false,
        "dof_translation": 0,
        "dof_rotation": 1,
        "fully_constrained": false,
        "transform": {
          "rotation_matrix": [
            [
              1.0,
              -2.0887498468529939E-16,
              2.0887498468529895E-16
            ],
            [
              -2.0887498468529939E-16,
              -2.1041457438762748E-15,
              1.0
            ],
            [
              -2.0887498468529895E-16,
              -1.0,
              -2.1041457438762748E-15
            ]
          ],
          "translation_cm": [
            276.70000000000255,
            55.156849387156,
            49.951428489893161
          ]
        }
      },
      {
        "node_id": "0147136403-M1-00:2",
        "file_name": "E:\\Phase 1\\New-Assemblies\\PRANA - Assembly Automation\\Assembly 17\\Workspaces\\1837073399-M1\\0147136403-M1-00.ipt",
        "component_type": "kPartDocumentObject",
        "grounded": false,
        "suppressed": false,
        "visible": true,
        "adaptive": false,
        "flexible": false,
        "dof_translation": 0,
        "dof_rotation": 1,
        "fully_constrained": false,
        "transform": {
          "rotation_matrix": [
            [
              0.732641141727204,
              0.68061513166293,
              2.08877068391242E-16
            ],
            [
              1.2790814986386736E-15,
              -1.6837486335592409E-15,
              1.0
            ],
            [
              0.68061513166293,
              -0.732641141727204,
              -2.1041457438773895E-15
            ]
          ],
          "translation_cm": [
            285.70000000000249,
            55.156849387155994,
            49.951428489893175
          ]
        }
      },
      {
        "node_id": "0147136403-M1-00:3",
        "file_name": "E:\\Phase 1\\New-Assemblies\\PRANA - Assembly Automation\\Assembly 17\\Workspaces\\1837073399-M1\\0147136403-M1-00.ipt",
        "component_type": "kPartDocumentObject",
        "grounded": false,
        "suppressed": false,
        "visible": true,
        "adaptive": false,
        "flexible": false,
        "dof_translation": 0,
        "dof_rotation": 1,
        "fully_constrained": false,
        "transform": {
          "rotation_matrix": [
            [
              1.0,
              -2.0887498468529976E-16,
              2.0887498468529895E-16
            ],
            [
              -2.0887498468529976E-16,
              -3.9328951643299689E-15,
              1.0
            ],
            [
              -2.0887498468529895E-16,
              -1.0,
              -3.9328951643299689E-15
            ]
          ],
          "translation_cm": [
            317.70000000000124,
            55.661849387156451,
            54.149999999999004
          ]
        }
      },
      {
        "node_id": "0147136403-M1-00:4",
        "file_name": "E:\\Phase 1\\New-Assemblies\\PRANA - Assembly Automation\\Assembly 17\\Workspaces\\1837073399-M1\\0147136403-M1-00.ipt",
        "component_type": "kPartDocumentObject",
        "grounded": false,
        "suppressed": false,
        "visible": true,
        "adaptive": false,
        "flexible": false,
        "dof_translation": 0,
        "dof_rotation": 1,
        "fully_constrained": false,
        "transform": {
          "rotation_matrix": [
            [
              1.0,
              -2.0887498468529976E-16,
              2.0887498468529895E-16
            ],
            [
              -2.0887498468529976E-16,
              -3.9328951643299689E-15,
              1.0
            ],
            [
              -2.0887498468529895E-16,
              -1.0,
              -3.9328951643299689E-15
            ]
          ],
          "translation_cm": [
            326.7000000000013,
            55.661849387156465,
            54.149999999999068
          ]
        }
      },
      {
        "node_id": "0301234400-M1-00:1",
        "file_name": "E:\\Phase 1\\New-Assemblies\\PRANA - Assembly Automation\\Assembly 17\\Workspaces\\1837073399-M1\\0301234400-M1-00.ipt",
        "component_type": "kPartDocumentObject",
        "grounded": false,
        "suppressed": false,
        "visible": true,
        "adaptive": false,
        "flexible": false,
        "dof_translation": 0,
        "dof_rotation": 1,
        "fully_constrained": false,
        "transform": {
          "rotation_matrix": [
            [
              1.0,
              -2.0887498468529939E-16,
              2.0887498468529895E-16
            ],
            [
              -2.0887498468529939E-16,
              -2.1041457438762748E-15,
              1.0
            ],
            [
              -2.0887498468529895E-16,
              -1.0,
              -2.1041457438762748E-15
            ]
          ],
          "translation_cm": [
            276.70000000000255,
            54.956849387156,
            49.951428489893161
          ]
        }
      },
      {
        "node_id": "0301234400-M1-00:2",
        "file_name": "E:\\Phase 1\\New-Assemblies\\PRANA - Assembly Automation\\Assembly 17\\Workspaces\\1837073399-M1\\0301234400-M1-00.ipt",
        "component_type": "kPartDocumentObject",
        "grounded": false,
        "suppressed": false,
        "visible": true,
        "adaptive": false,
        "flexible": false,
        "dof_translation": 0,
        "dof_rotation": 1,
        "fully_constrained": false,
        "transform": {
          "rotation_matrix": [
            [
              1.0,
              -2.0887498468529939E-16,
              2.0887498468529895E-16
            ],
            [
              -2.0887498468529939E-16,
              -2.1041457438762748E-15,
              1.0
            ],
            [
              -2.0887498468529895E-16,
              -1.0,
              -2.1041457438762748E-15
            ]
          ],
          "translation_cm": [
            285.70000000000249,
            54.956849387155991,
            49.951428489893225
          ]
        }
      },
      {
        "node_id": "0301234400-M1-00:3",
        "file_name": "E:\\Phase 1\\New-Assemblies\\PRANA - Assembly Automation\\Assembly 17\\Workspaces\\1837073399-M1\\0301234400-M1-00.ipt",
        "component_type": "kPartDocumentObject",
        "grounded": false,
        "suppressed": false,
        "visible": true,
        "adaptive": false,
        "flexible": false,
        "dof_translation": 0,
        "dof_rotation": 1,
        "fully_constrained": false,
        "transform": {
          "rotation_matrix": [
            [
              1.0,
              -2.0887498468529976E-16,
              2.0887498468529895E-16
            ],
            [
              -2.0887498468529976E-16,
              -3.9328951643299689E-15,
              1.0
            ],
            [
              -2.0887498468529895E-16,
              -1.0,
              -3.9328951643299689E-15
            ]
          ],
          "translation_cm": [
            317.70000000000124,
            55.461849387156448,
            54.149999999999004
          ]
        }
      },
      {
        "node_id": "0301234400-M1-00:4",
        "file_name": "E:\\Phase 1\\New-Assemblies\\PRANA - Assembly Automation\\Assembly 17\\Workspaces\\1837073399-M1\\0301234400-M1-00.ipt",
        "component_type": "kPartDocumentObject",
        "grounded": false,
        "suppressed": false,
        "visible": true,
        "adaptive": false,
