{
  "assembly_metadata": {
    "assembly_name": "1093144795-M1.iam",
    "units": "mm",
    "mass_kg": 14.275907261881285,
    "created_on": "01/05/2022 12:00:00 AM",
    "author": "BQRMAB"
  },
  "root_coordinate_system": {
    "origin_mm": { "x": 0, "y": 0, "z": 0 },
    "x_axis": { "x": 1, "y": 0, "z": 0 },
    "y_axis": { "x": 0, "y": 1, "z": 0 },
    "z_axis": { "x": 0, "y": 0, "z": 1 }
  },
  "components": [
    {
      "occurrence_name": "1093144795-A:1",
      "part_number": "1093144795-A",
      "file_name": "1093144795-A.ipt",
      "transform": {
        "translation_mm": { "x": 0, "y": 0, "z": 0 },
        "rotation_matrix": [
          [1, 0, 0],
          [0, 1, 0],
          [0, 0, 1]
        ]
      },
      "grounded": true,
      "suppressed": false,
      "instance_index": 0,
      "pattern_parent": null,
      "component_type": "Part",
      "confidence": 1.0
    },
    {
      "occurrence_name": "1028925335-B:1",
      "part_number": "1028925335-B",
      "file_name": "1028925335-B.ipt",
      "transform": {
        "translation_mm": { "x": 798.7500000000002, "y": 1019.0000000000005, "z": -59.99999999993422 },
        "rotation_matrix": [
          [-1, -1.0072189995624986E-16, -1.0072189995627111E-16],
          [-1.0072189995626509E-16, -5.934837715805314E-14, 1],
          [-1.0072189995625584E-16, 1, 5.934837715805314E-14]
        ]
      },
      "grounded": false,
      "suppressed": false,
      "instance_index": 1,
      "pattern_parent": null,
      "component_type": "Part",
      "confidence": 1.0
    },
    {
      "occurrence_name": "1028925335-B:2",
      "part_number": "1028925335-B",
      "file_name": "1028925335-B.ipt",
      "transform": {
        "translation_mm": { "x": 548.7500000000002, "y": 575.0000000000005, "z": -59.999999999999986 },
        "rotation_matrix": [
          [1, 1.0072189995627232E-16, 2.320451449087505E-16],
          [2.3204514490875106E-16, -5.194087990387062E-15, -1],
          [-1.0072189995627113E-16, 1, -5.194087990387062E-15]
        ]
      },
      "grounded": false,
      "suppressed": false,
      "instance_index": 2,
      "pattern_parent": null,
      "component_type": "Part",
      "confidence": 1.0
    },
    {
      "occurrence_name": "1028925335-C:1",
      "part_number": "1028925335-C",
      "file_name": "1028925335-C.ipt",
      "transform": {
        "translation_mm": { "x": 3.7500000000004303, "y": 99.98388347648265, "z": -27.75000000000459 },
        "rotation_matrix": [
          [-1, 7.277046271693659E-16, -3.2828527993691057E-31],
          [7.277046271693659E-16, 1, 5.752669956763846E-16],
          [8.896648414188736E-31, 5.752669956763833E-16, -1]
        ]
      },
      "grounded": false,
      "suppressed": false,
      "instance_index": 3,
      "pattern_parent": null,
      "component_type": "Part",
      "confidence": 1.0
    },
    {
      "occurrence_name": "1028925335-C:2",
      "part_number": "1028925335-C",
      "file_name": "1028925335-C.ipt",
      "transform": {
        "translation_mm": { "x": 923.7499999999998, "y": 99.98388347648145, "z": -27.749999999999524 },
        "rotation_matrix": [
          [-1, 3.781566174937242E-16, 6.0930229101424975E-15],
          [3.7815661749373155E-16, 1, 1.153206000833095E-15],
          [-6.093022910142496E-15, 1.1532060008330975E-15, -1]
        ]
      },
      "grounded": false,
      "suppressed": false,
      "instance_index": 4,
      "pattern_parent": null,
      "component_type": "Part",
      "confidence": 1.0
    },
    {
      "occurrence_name": "0298100025:1",
      "part_number": "0298100025",
      "file_name": "0298100025.ipt",
      "transform": {
        "translation_mm": { "x": 904.9999999999983, "y": 1197.3161165235178, "z": -46.499999999999105 },
        "rotation_matrix": [
          [0.9999999999999991, -3.537449660458405E-15, 1.6653345369397092E-16],
          [-8.881784197001323E-16, -6.100685843823153E-14, -0.9999999999999994],
          [3.219646771412937E-15, 0.9999999999999992, -6.103751306826673E-14]
        ]
      },
      "grounded": false,
      "suppressed": false,
      "instance_index": 5,
      "pattern_parent": null,
      "component_type": "Part",
      "confidence": 1.0
    },
    {
      "occurrence_name": "0298100025:2",
      "part_number": "0298100025",
      "file_name": "0298100025.ipt",
      "transform": {
        "translation_mm": { "x": -54.999999999997314, "y": 1197.3161165235172, "z": -46.50000000000424 },
        "rotation_matrix": [
          [1.0000000000000004, 4.646986070690868E-15, 6.30489186612029E-16],
          [2.419111279935122E-16, -6.100685843823154E-14, -1.0000000000000002],
          [-4.238845100660596E-15, 0.9999999999999997, -6.165330305609909E-14]
        ]
      },
      "grounded": false,
      "suppressed": false,
      "instance_index": 6,
      "pattern_parent": null,
      "component_type": "Part",
      "confidence": 1.0
    },
    {
      "occurrence_name": "1028925335-D:1",
      "part_number": "1028925335-D",
      "file_name": "1028925335-D.ipt",
      "transform": {
        "translation_mm": { "x": 334.99999999999704, "y": 899.9838834764821, "z": -49.99999999999999 },
        "rotation_matrix": [
          [1, -1.898637721835004E-16, 2.2597711961556866E-16],
          [1.169666690546953E-15, 2.2363444189437543E-15, -0.9999999999999989],
          [-7.805926441464996E-17, 1, 1.830959627749065E-15]
        ]
      },
      "grounded": false,
      "suppressed": false,
      "instance_index": 7,
      "pattern_parent": null,
      "component_type": "Part",
      "confidence": 1.0
    },
    {
      "occurrence_name": "1028925335-E:1",
      "part_number": "1028925335-E",
      "file_name": "1028925335-E.ipt",
      "transform": {
        "translation_mm": { "x": 505.4499999999998, "y": 747.9999999999998, "z": 4.4290671896726536E-11 },
        "rotation_matrix": [
          [-1, -6.121500261572684E-19, -2.883850366647421E-16],
          [-6.121500261744006E-19, 1, 5.940700015174967E-14],
          [2.8838503666474164E-16, 5.940700015174967E-14, -1]
        ]
      },
      "grounded": false,
      "suppressed": false,
      "instance_index": 8,
      "pattern_parent": null,
      "component_type": "Part",
      "confidence": 1.0
    },
    {
      "occurrence_name": "1028925335-F:1",
      "part_number": "1028925335-F",
      "file_name": "1028925335-F.ipt",
      "transform": {
        "translation_mm": { "x": 380.44999999999965, "y": 363, "z": 3.920600935624061E-16 },
        "rotation_matrix": [
          [-1, 7.413348187935073E-20, -3.7000091563211126E-21],
          [3.7000091563211126E-21, 5.894284035139058E-17, -1],
          [-7.413348187935073E-20, -1, -5.894284035139058E-17]
        ]
      },
      "grounded": false,
      "suppressed": false,
      "instance_index": 9,
      "pattern_parent": null,
      "component_type": "Part",
      "confidence": 1.0
    },
    {
      "occurrence_name": "1093144795-G:1",
      "part_number": "1093144795-G",
      "file_name": "1093144795-G.ipt",
      "transform": {
        "translation_mm": { "x": 105.44999999999939, "y": 475.499999999999, "z": 3.9206009356240453E-16 },
        "rotation_matrix": [
          [-3.0695708913968777E-16, 5.894284035139031E-17, -0.9999999999999978],
          [0.9999999999999978, -7.413348187933236E-20, -3.0695708913968777E-16],
          [-7.413348187935071E-20, -1, -5.894284035139056E-17]
        ]
      },
      "grounded": false,
      "suppressed": false,
      "instance_index": 10,
      "pattern_parent": null,
      "component_type": "Part",
      "confidence": 1.0
    },
    {
      "occurrence_name": "0228100017-M1:1",
      "part_number": "0228100017-M1",
      "file_name": "0228100017-M1.ipt",
      "transform": {
        "translation_mm": { "x": 24.999999999999396, "y": 1053.1000000000006, "z": 6.852204375071677E-16 },
        "rotation_matrix": [
          [0.9999999999999982, -1.1102230246307932E-16, -3.069558787450823E-16],
          [5.70423699567372E-16, 1.8885436622107277E-16, 0.9999999999999984],
          [-5.7646311327425854E-30, -1.0000000000000002, -2.2439933806639353E-44]
        ]
      },
      "grounded": false,
      "suppressed": false,
      "instance_index": 11,
      "pattern_parent": "Component Pattern 1:1",
      "component_type": "Part",
      "confidence": 1.0
    },
    {
      "occurrence_name": "0228100017-M1:3",
      "part_number": "0228100017-M1",
      "file_name": "0228100017-M1.ipt",
      "transform": {
        "translation_mm": { "x": 24.999999999999464, "y": 843.1000000000005, "z": 6.852204375071677E-16 },
        "rotation_matrix": [
          [0.9999999999999982, -1.1102230246307932E-16, -3.069558787450823E-16],
          [5.70423699567372E-16, 1.8885436622107277E-16, 0.9999999999999984],
          [-5.7646311327425854E-30, -1.0000000000000002, -2.2439933806639353E-44]
        ]
      },
      "grounded": false,
      "suppressed": false,
      "instance_index": 12,
      "pattern_parent": "Component Pattern 1:1",
      "component_type": "Part",
      "confidence": 1.0
    },
    {
      "occurrence_name": "0228100017-M1:4",
      "part_number": "0228100017-M1",
      "file_name": "0228100017-M1.ipt",
      "transform": {
        "translation_mm": { "x": 234.9999999999994, "y": 1053.1000000000008, "z": 6.852204375059573E-16 },
        "rotation_matrix": [
          [0.9999999999999982, -1.1102230246307932E-16, -3.069558787450823E-16],
          [5.70423699567372E-16, 1.8885436622107277E-16, 0.9999999999999984],
          [-5.7646311327425854E-30, -1.0000000000000002, -2.2439933806639353E-44]
        ]
      },
      "grounded": false,
      "suppressed": false,
      "instance_index": 13,
      "pattern_parent": "Component Pattern 1:1",
      "component_type": "Part",
      "confidence": 1.0
    },
    {
      "occurrence_name": "0228100017-M1:5",
      "part_number": "0228100017-M1",
      "file_name": "0228100017-M1.ipt",
      "transform": {
        "translation_mm": { "x": 234.99999999999946, "y": 843.1000000000006, "z": 6.852204375059573E-16 },
        "rotation_matrix": [
          [0.9999999999999982, -1.1102230246307932E-16, -3.069558787450823E-16],
          [5.70423699567372E-16, 1.8885436622107277E-16, 0.9999999999999984],
          [-5.7646311327425854E-30, -1.0000000000000002, -2.2439933806639353E-44]
        ]
      },
      "grounded": false,
      "suppressed": false,
      "instance_index": 14,
      "pattern_parent": "Component Pattern 1:1",
      "component_type": "Part",
      "confidence": 1.0
    },
    {
      "occurrence_name": "0298100030:1",
      "part_number": "0298100030",
      "file_name": "0298100030.ipt",
      "transform": {
        "translation_mm": { "x": 468.49999999999943, "y": 1208.7000000000003, "z": -0.7999999999999996 },
        "rotation_matrix": [
          [-0.7390612500278276, -0.6736382328129116, 9.957711914122246E-15],
          [0.673638232812911, -0.7390612500278271, 1.3441753467883656E-16],
          [9.02313408066433E-15, 8.224390192698927E-15, 0.9999999999999987]
        ]
      },
      "grounded": false,
      "suppressed": false,
      "instance_index": 15,
      "pattern_parent": null,
      "component_type": "Part",
      "confidence": 1.0
    },
    {
      "occurrence_name": "0298100030:2",
      "part_number": "0298100030",
      "file_name": "0298100030.ipt",
      "transform": {
        "translation_mm": { "x": 86.99999999999883, "y": 790.7999999999998, "z": -0.8000000000000009 },
        "rotation_matrix": [
          [0.5698576271284144, -0.8217434422029627, -1.3340259520381455E-16],
          [0.8217434422029606, 0.5698576271284158, 4.457595408468856E-16],
          [-5.802692669019961E-17, 8.367571865124545E-17, 1.0000000000000007]
        ]
      },
      "grounded": false,
      "suppressed": false,
      "instance_index": 16,
      "pattern_parent": "Component Pattern 8:1",
      "component_type": "Part",
      "confidence": 1.0
    },
    {
      "occurrence_name": "0298100030:3",
      "part_number": "0298100030",
      "file_name": "0298100030.ipt",
      "transform": {
        "translation_mm": { "x": 414.49999999999943, "y": 1208.7000000000003, "z": -0.8000000000000003 },
        "rotation_matrix": [
          [-0.3997015939512651, -0.9166453162444111, 4.0245584642661925E-16],
          [0.9166453162444107, -0.39970159395126476, -4.8570479547572746E-17],
          [-1.3302805874125433E-17, -3.0507645908743863E-17, 1.0000000000000002]
        ]
      },
      "grounded": false,
      "suppressed": false,
      "instance_index": 17,
      "pattern_parent": null,
      "component_type": "Part",
      "confidence": 1.0
    },
    {
      "occurrence_name": "0298100030:4",
      "part_number": "0298100030",
      "file_name": "0298100030.ipt",
      "transform": {
        "translation_mm": { "x": 361.49999999999943, "y": 1208.7000000000003, "z": -0.8000000000000016 },
        "rotation_matrix": [
          [0.9696569657118062, -0.24446956629931257, -1.1102230246251565E-16],
          [0.24446956629931288, 0.9696569657118052, 5.201712160896367E-16],
          [-2.2028815939417986E-16, 5.553897171092444E-17, 1.0000000000000018]
        ]
      },
      "grounded": false,
      "suppressed": false,
      "instance_index": 18,
      "pattern_parent": null,
      "component_type": "Part",
      "confidence": 1.0
    },
    {
      "occurrence_name": "0298100030:5",
      "part_number": "0298100030",
      "file_name": "0298100030.ipt",
      "transform": {
        "translation_mm": { "x": 339.4999999999994, "y": 1188.7000000000003, "z": -0.8000000000000005 },
        "rotation_matrix": [
          [-0.457092875867155, 0.8894189692330033, 9.133319101017885E-16],
          [-0.8894189692330035, -0.45709287586715386, -6.41528476369824E-16],
          [-1.934518994488804E-18, 3.7642194417835744E-18, 1]
        ]
      },
      "grounded": false,
      "suppressed": false,
      "instance_index": 19,
      "pattern_parent": "Component Pattern 3:1",
      "component_type": "Part",
      "confidence": 1.0
    },
    {
      "occurrence_name": "0298100030:6",
      "part_number": "0298100030",
      "file_name": "0298100030.ipt",
      "transform": {
        "translation_mm": { "x": 339.4999999999994, "y": 1155.7000000000003, "z": -0.8000000000000009 },
        "rotation_matrix": [
          [-0.38735645489767856, 0.9219300281741032, 1.1529501103677996E-15],
          [-0.921930028174106, -0.38735645489767634, -5.417161985877348E-16],
          [-1.4516390388126236E-17, 3.4549821050605234E-17, 1.0000000000000007]
        ]
      },
      "grounded": false,
      "suppressed": false,
      "instance_index": 20,
      "pattern_parent": "Component Pattern 3:1",
      "component_type": "Part",
      "confidence": 1.0
    },
    {
      "occurrence_name": "0298100030:7",
      "part_number": "0298100030",
      "file_name": "0298100030.ipt",
      "transform": {
        "translation_mm": { "x": 339.49999999999955, "y": 1120.7000000000005, "z": -0.7999999999999987 },
        "rotation_matrix": [
          [-0.9938929084430603, -0.11034893088106494, -5.204170427930434E-17],
          [0.11034893088106526, -0.9938929084430599, -7.771561172376096E-16],
          [0, 0, 0.999999999999998]
        ]
      },
      "grounded": false,
      "suppressed": false,
      "instance_index": 21,
      "pattern_parent": "Component Pattern 3:1",
      "component_type": "Part",
      "confidence": 1.0
    },
    {
      "occurrence_name": "0298100030:8",
      "part_number": "0298100030",
      "file_name": "0298100030.ipt",
      "transform": {
        "translation_mm": { "x": 339.49999999999926, "y": 1085.7000000000005, "z": -0.8000000000000016 },
        "rotation_matrix": [
          [0.604109011762415, -0.7969016889851828, -5.412337245047641E-16],
          [0.7969016889851837, 0.6041090117624149, 3.5532839187338874E-16],
          [-6.680982042659353E-18, 8.813121092735593E-18, 1.000000000000001]
        ]
      },
      "grounded": false,
      "suppressed": false,
      "instance_index": 22,
      "pattern_parent": "Component Pattern 3:1",
      "component_type": "Part",
      "confidence": 1.0
    },
    {
      "occurrence_name": "0298100030:9",
      "part_number": "0298100030",
      "file_name": "0298100030.ipt",
      "transform": {
        "translation_mm": { "x": 339.49999999999943, "y": 1050.7000000000003, "z": -0.8 },
        "rotation_matrix": [
          [0.9080144589998604, 0.4189388287652401, 1.3880621950637704E-15],
          [-0.41893882876523975, 0.9080144589998608, 2.2632022419604785E-17],
          [-1.950150936338065E-17, -8.997587440235321E-18, 0.9999999999999996]
        ]
      },
      "grounded": false,
      "suppressed": false,
      "instance_index": 23,
      "pattern_parent": "Component Pattern 3:1",
      "component_type": "Part",
      "confidence": 1.0
    },
    {
      "occurrence_name": "0298100030:10",
      "part_number": "0298100030",
      "file_name": "0298100030.ipt",
      "transform": {
        "translation_mm": { "x": 339.49999999999943, "y": 1015.7000000000004, "z": -0.8000000000000005 },
        "rotation_matrix": [
          [0.5092971369096388, 0.8605907426504451, 5.551115123125782E-16],
          [-0.8605907426504456, 0.5092971369096387, 1.0841675959996448E-16],
          [-1.1915766526801093E-17, -2.0134804657989836E-17, 1]
        ]
      },
      "grounded": false,
      "suppressed": false,
      "instance_index": 24,
      "pattern_parent": "Component Pattern 3:1",
      "component_type": "Part",
      "confidence": 1.0
    },
    {
      "occurrence_name": "0298100030:11",
      "part_number": "0298100030",
      "file_name": "0298100030.ipt",
      "transform": {
        "translation_mm": { "x": 339.49999999999943, "y": 980.7000000000004, "z": -0.7999999999999996 },
        "rotation_matrix": [
          [0.8998516919810141, 0.4361959793933279, 4.654620791798977E-16],
          [-0.4361959793933276, 0.8998516919810152, 2.4213337584188674E-16],
          [4.1902221557416754E-17, 2.031176996595485E-17, 0.9999999999999989]
        ]
      },
      "grounded": false,
      "suppressed": false,
      "instance_index": 25,
      "pattern_parent": "Component Pattern 3:1",
      "component_type": "Part",
      "confidence": 1.0
    },
    {
      "occurrence_name": "0298100030:12",
      "part_number": "0298100030",
      "file_name": "0298100030.ipt",
      "transform": {
        "translation_mm": { "x": 339.49999999999943, "y": 945.7000000000004, "z": -0.8000000000000003 },
        "rotation_matrix": [
          [0.8378804166769962, 0.5458538333191223, -5.5511151231257704E-17],
          [-0.5458538333191222, 0.8378804166769975, 4.3102838428802236E-17],
          [3.985960613475085E-17, 2.596733181750889E-17, 0.9999999999999999]
        ]
      },
      "grounded": false,
      "suppressed": false,
      "instance_index": 26,
      "pattern_parent": "Component Pattern 3:1",
      "component_type": "Part",
      "confidence": 1.0
    },
    {
      "occurrence_name": "0298100030:13",
      "part_number": "0298100030",
      "file_name": "0298100030.ipt",
      "transform": {
        "translation_mm": { "x": 339.49999999999955, "y": 910.7000000000006, "z": -0.8000000000000005 },
        "rotation_matrix": [
          [-0.9981982031432493, 0.06000289361012613, 1.70116162787875E-16],
          [-0.06000289361012584, -0.9981982031432496, 3.199493670992089E-17],
          [-5.48805517668868E-19, 3.298935921305837E-20, 1]
        ]
      },
      "grounded": false,
      "suppressed": false,
      "instance_index": 27,
      "pattern_parent": "Component Pattern 3:1",
      "component_type": "Part",
      "confidence": 1.0
    },
    {
      "occurrence_name": "0298100030:14",
      "part_number": "0298100030",
      "file_name": "0298100030.ipt",
      "transform": {
        "translation_mm": { "x": 490.49999999999943, "y": 1188.7000000000003, "z": -0.7999999999999752 },
        "rotation_matrix": [
          [-0.457092875867155, 0.8894189692330033, 9.133319101017885E-16],
          [-0.8894189692330035, -0.45709287586715386, -6.41528476369824E-16],
          [-1.934518994488804E-18, 3.7642194417835744E-18, 1]
        ]
      },
      "grounded": false,
      "suppressed": false,
      "instance_index": 28,
      "pattern_parent": "Component Pattern 3:1",
      "component_type": "Part",
      "confidence": 1.0
    },
    {
      "occurrence_name": "0298100030:15",
      "part_number": "0298100030",
      "file_name": "0298100030.ipt",
      "transform": {
        "translation_mm": { "x": 490.49999999999943, "y": 1155.7000000000003, "z": -0.7999999999999756 },
        "rotation_matrix": [
          [-0.38735645489767856, 0.9219300281741032, 1.1529501103677996E-15],
          [-0.921930028174106, -0.38735645489767634, -5.417161985877348E-16],
          [-1.4516390388126236E-17, 3.4549821050605234E-17, 1.0000000000000007]
        ]
      },
      "grounded": false,
      "suppressed": false,
      "instance_index": 29,
      "pattern_parent": "Component Pattern 3:1",
      "component_type": "Part",
      "confidence": 1.0
    },
    {
      "occurrence_name": "0298100030:16",
      "part_number": "0298100030",
      "file_name": "0298100030.ipt",
      "transform": {
        "translation_mm": { "x": 490.4999999999996, "y": 1120.7000000000005, "z": -0.7999999999999735 },
        "rotation_matrix": [
          [-0.9938929084430603, -0.11034893088106494, -5.204170427930434E-17],
          [0.11034893088106526, -0.9938929084430599, -7.771561172376096E-16],
          [0, 0, 0.999999999999998]
        ]
      },
      "grounded": false,
      "suppressed": false,
      "instance_index": 30,
      "pattern_parent": "Component Pattern 3:1",
      "component_type": "Part",
      "confidence": 1.0
    },
    {
      "occurrence_name": "0298100030:17",
      "part_number": "0298100030",
      "file_name": "0298100030.ipt",
      "transform": {
        "translation_mm": { "x": 490.49999999999926, "y": 1085.7000000000003, "z": -0.7999999999999763 },
        "rotation_matrix": [
          [0.604109011762415, -0.7969016889851828, -5.412337245047641E-16],
          [0.7969016889851837, 0.6041090117624149, 3.5532839187338874E-16],
          [-6.680982042659353E-18, 8.813121092735593E-18, 1.000000000000001]
        ]
      },
      "grounded": false,
      "suppressed": false,
      "instance_index": 31,
      "pattern_parent": "Component Pattern 3:1",
      "component_type": "Part",
      "confidence": 1.0
    },
    {
      "occurrence_name": "0298100030:18",
      "part_number": "0298100030",
      "file_name": "0298100030.ipt",
      "transform": {
        "translation_mm": { "x": 490.4999999999995, "y": 1050.7000000000003, "z": -0.7999999999999747 },
        "rotation_matrix": [
          [0.9080144589998604, 0.4189388287652401, 1.3880621950637704E-15],
          [-0.41893882876523975, 0.9080144589998608, 2.2632022419604785E-17],
          [-1.950150936338065E-17, -8.997587440235321E-18, 0.9999999999999996]
        ]
      },
      "grounded": false,
      "suppressed": false,
      "instance_index": 32,
      "pattern_parent": "Component Pattern 3:1",
      "component_type": "Part",
      "confidence": 1.0
    },
    {
      "occurrence_name": "0298100030:19",
      "part_number": "0298100030",
      "file_name": "0298100030.ipt",
      "transform": {
        "translation_mm": { "x": 490.49999999999943, "y": 1015.7000000000004, "z": -0.7999999999999751 },
        "rotation_matrix": [
          [0.5092971369096388, 0.8605907426504451, 5.551115123125782E-16],
          [-0.8605907426504456, 0.5092971369096387, 1.0841675959996448E-16],
          [-1.1915766526801093E-17, -2.0134804657989836E-17, 1]
        ]
      },
      "grounded": false,
      "suppressed": false,
      "instance_index": 33,
      "pattern_parent": "Component Pattern 3:1",
      "component_type": "Part",
      "confidence": 1.0
    },
    {
      "occurrence_name": "0298100030:20",
      "part_number": "0298100030",
      "file_name": "0298100030.ipt",
      "transform": {
        "translation_mm": { "x": 490.4999999999995, "y": 980.7000000000004, "z": -0.7999999999999743 },
        "rotation_matrix": [
          [0.8998516919810141, 0.4361959793933279, 4.654620791798977E-16],
          [-0.4361959793933276, 0.8998516919810152, 2.4213337584188674E-16],
          [4.1902221557416754E-17, 2.031176996595485E-17, 0.9999999999999989]
        ]
      },
      "grounded": false,
      "suppressed": false,
      "instance_index": 34,
      "pattern_parent": "Component Pattern 3:1",
      "component_type": "Part",
      "confidence": 1.0
    },
    {
      "occurrence_name": "0298100030:21",
      "part_number": "0298100030",
      "file_name": "0298100030.ipt",
      "transform": {
        "translation_mm": { "x": 490.49999999999943, "y": 945.7000000000003, "z": -0.7999999999999751 },
        "rotation_matrix": [
          [0.8378804166769962, 0.5458538333191223, -5.5511151231257704E-17],
          [-0.5458538333191222, 0.8378804166769975, 4.3102838428802236E-17],
          [3.985960613475085E-17, 2.596733181750889E-17, 0.9999999999999999]
        ]
      },
      "grounded": false,
      "suppressed": false,
      "instance_index": 35,
      "pattern_parent": "Component Pattern 3:1",
      "component_type": "Part",
      "confidence": 1.0
    },
    {
      "occurrence_name": "0298100030:22",
      "part_number": "0298100030",
      "file_name": "0298100030.ipt",
      "transform": {
        "translation_mm": { "x": 490.4999999999996, "y": 910.7000000000005, "z": -0.7999999999999752 },
        "rotation_matrix": [
          [-0.9981982031432493, 0.06000289361012613, 1.70116162787875E-16],
          [-0.06000289361012584, -0.9981982031432496, 3.199493670992089E-17],
          [-5.48805517668868E-19, 3.298935921305837E-20, 1]
        ]
      },
      "grounded": false,
      "suppressed": false,
      "instance_index": 36,
      "pattern_parent": "Component Pattern 3:1",
      "component_type": "Part",
      "confidence": 1.0
    },
    {
      "occurrence_name": "0298100030:23",
      "part_number": "0298100030",
      "file_name": "0298100030.ipt",
      "transform": {
        "translation_mm": { "x": 829.1999999999998, "y": 984.7000000000003, "z": -0.8000000000000003 },
        "rotation_matrix": [
          [-0.9564166304545073, 0.2920055290401928, 1.0866425881544271E-15],
          [-0.2920055290401946, -0.9564166304545089, 1.0481944609341057E-15],
          [-2.2022411986873865E-18, 6.723707909497357E-19, 0.9999999999999998]
        ]
      },
      "grounded": false,
      "suppressed": false,
      "instance_index": 37,
      "pattern_parent": "Component Pattern 5:1",
      "component_type": "Part",
      "confidence": 1.0
    },
    {
      "occurrence_name": "0298100030:24",
      "part_number": "0298100030",
      "file_name": "0298100030.ipt",
      "transform": {
        "translation_mm": { "x": 829.1999999999998, "y": 927.7000000000003, "z": -0.8000000000000855 },
        "rotation_matrix": [
          [-0.9564166304545073, 0.2920055290401928, 1.0866425881544271E-15],
          [-0.2920055290401946, -0.9564166304545089, 1.0481944609341057E-15],
          [-2.2022411986873865E-18, 6.723707909497357E-19, 0.9999999999999998]
        ]
      },
      "grounded": false,
      "suppressed": false,
      "instance_index": 38,
      "pattern_parent": "Component Pattern 5:1",
      "component_type": "Part",
      "confidence": 1.0
    },
    {
      "occurrence_name": "0298100030:25",
      "part_number": "0298100030",
      "file_name": "0298100030.ipt",
      "transform": {
        "translation_mm": { "x": 829.2, "y": 870.7000000000003, "z": -0.8000000000001708 },
        "rotation_matrix": [
          [-0.9564166304545073, 0.2920055290401928, 1.0866425881544271E-15],
          [-0.2920055290401946, -0.9564166304545089, 1.0481944609341057E-15],
          [-2.2022411986873865E-18, 6.723707909497357E-19, 0.9999999999999998]
        ]
      },
      "grounded": false,
      "suppressed": false,
      "instance_index": 39,
      "pattern_parent": "Component Pattern 5:1",
      "component_type": "Part",
      "confidence": 1.0
    },
    {
      "occurrence_name": "0298100030:26",
      "part_number": "0298100030",
      "file_name": "0298100030.ipt",
      "transform": {
        "translation_mm": { "x": 829.2, "y": 813.7000000000003, "z": -0.8000000000002561 },
        "rotation_matrix": [
          [-0.9564166304545073, 0.2920055290401928, 1.0866425881544271E-15],
          [-0.2920055290401946, -0.9564166304545089, 1.0481944609341057E-15],
          [-2.2022411986873865E-18, 6.723707909497357E-19, 0.9999999999999998]
        ]
      },
      "grounded": false,
      "suppressed": false,
      "instance_index": 40,
      "pattern_parent": "Component Pattern 5:1",
      "component_type": "Part",
      "confidence": 1.0
    },
    {
      "occurrence_name": "0298100030:27",
      "part_number": "0298100030",
      "file_name": "0298100030.ipt",
      "transform": {
        "translation_mm": { "x": 829.2000000000002, "y": 756.7000000000002, "z": -0.8000000000003414 },
        "rotation_matrix": [
          [-0.9564166304545073, 0.2920055290401928, 1.0866425881544271E-15],
          [-0.2920055290401946, -0.9564166304545089, 1.0481944609341057E-15],
          [-2.2022411986873865E-18, 6.723707909497357E-19, 0.9999999999999998]
        ]
      },
      "grounded": false,
      "suppressed": false,
      "instance_index": 41,
      "pattern_parent": "Component Pattern 5:1",
      "component_type": "Part",
      "confidence": 1.0
    },
    {
      "occurrence_name": "0298100030:28",
      "part_number": "0298100030",
      "file_name": "0298100030.ipt",
      "transform": {
        "translation_mm": { "x": 829.2000000000002, "y": 699.7000000000003, "z": -0.8000000000004266 },
        "rotation_matrix": [
          [-0.9564166304545073, 0.2920055290401928, 1.0866425881544271E-15],
          [-0.2920055290401946, -0.9564166304545089, 1.0481944609341057E-15],
          [-2.2022411986873865E-18, 6.723707909497357E-19, 0.9999999999999998]
        ]
      },
      "grounded": false,
      "suppressed": false,
      "instance_index": 42,
      "pattern_parent": "Component Pattern 5:1",
      "component_type": "Part",
      "confidence": 1.0
    },
    {
      "occurrence_name": "0298100030:29",
      "part_number": "0298100030",
      "file_name": "0298100030.ipt",
      "transform": {
        "translation_mm": { "x": 829.2000000000003, "y": 642.7, "z": -0.800000000000512 },
        "rotation_matrix": [
          [-0.9564166304545073, 0.2920055290401928, 1.0866425881544271E-15],
          [-0.2920055290401946, -0.9564166304545089, 1.0481944609341057E-15],
          [-2.2022411986873865E-18, 6.723707909497357E-19, 0.9999999999999998]
        ]
      },
      "grounded": false,
      "suppressed": false,
      "instance_index": 43,
      "pattern_parent": "Component Pattern 5:1",
      "component_type": "Part",
      "confidence": 1.0
    },
    {
      "occurrence_name": "0298100030:30",
      "part_number": "0298100030",
      "file_name": "0298100030.ipt",
      "transform": {
        "translation_mm": { "x": 829.2000000000003, "y": 585.7000000000003, "z": -0.8000000000005971 },
        "rotation_matrix": [
          [-0.9564166304545073, 0.2920055290401928, 1.0866425881544271E-15],
          [-0.2920055290401946, -0.9564166304545089, 1.0481944609341057E-15],
          [-2.2022411986873865E-18, 6.723707909497357E-19, 0.9999999999999998]
        ]
      },
      "grounded": false,
      "suppressed": false,
      "instance_index": 44,
      "pattern_parent": "Component Pattern 5:1",
      "component_type": "Part",
      "confidence": 1.0
    },
    {
      "occurrence_name": "0298100030:31",
      "part_number": "0298100030",
      "file_name": "0298100030.ipt",
      "transform": {
        "translation_mm": { "x": 829.2000000000005, "y": 528.7000000000002, "z": -0.8000000000006825 },
        "rotation_matrix": [
          [-0.9564166304545073, 0.2920055290401928, 1.0866425881544271E-15],
          [-0.2920055290401946, -0.9564166304545089, 1.0481944609341057E-15],
          [-2.2022411986873865E-18, 6.723707909497357E-19, 0.9999999999999998]
        ]
      },
      "grounded": false,
      "suppressed": false,
      "instance_index": 45,
      "pattern_parent": "Component Pattern 5:1",
      "component_type": "Part",
      "confidence": 1.0
    },
    {
      "occurrence_name": "0298100030:41",
      "part_number": "0298100030",
      "file_name": "0298100030.ipt",
      "transform": {
        "translation_mm": { "x": 806.9999999999995, "y": 1004.6999999999998, "z": -0.7999999999999994 },
        "rotation_matrix": [
          [-0.47455967234107876, 0.8802233338122356, 2.602545912676859E-15],
          [-0.8802233338122352, -0.47455967234108, -1.3661637055400974E-15],
          [3.2021193754386087E-17, -5.939358854512041E-17, 0.9999999999999979]
        ]
      },
      "grounded": false,
      "suppressed": false,
      "instance_index": 46,
      "pattern_parent": "Component Pattern 7:1",
      "component_type": "Part",
      "confidence": 1.0
    },
    {
      "occurrence_name": "0298100030:42",
      "part_number": "0298100030",
      "file_name": "0298100030.ipt",
      "transform": {
        "translation_mm": { "x": 744.9999999999995, "y": 1004.6999999999998, "z": -0.8000000000000097 },
        "rotation_matrix": [
          [-0.47455967234107876, 0.8802233338122356, 2.602545912676859E-15],
          [-0.8802233338122352, -0.47455967234108, -1.3661637055400974E-15],
          [3.2021193754386087E-17, -5.939358854512041E-17, 0.9999999999999979]
        ]
      },
      "grounded": false,
      "suppressed": false,
      "instance_index": 47,
      "pattern_parent": "Component Pattern 7:1",
      "component_type": "Part",
      "confidence": 1.0
    },
    {
      "occurrence_name": "0298100030:43",
      "part_number": "0298100030",
      "file_name": "0298100030.ipt",
      "transform": {
        "translation_mm": { "x": 682.9999999999995, "y": 1004.6999999999998, "z": -0.8000000000000201 },
        "rotation_matrix": [
          [-0.47455967234107876, 0.8802233338122356, 2.602545912676859E-15],
          [-0.8802233338122352, -0.47455967234108, -1.3661637055400974E-15],
          [3.2021193754386087E-17, -5.939358854512041E-17, 0.9999999999999979]
        ]
      },
      "grounded": false,
      "suppressed": false,
      "instance_index": 48,
      "pattern_parent": "Component Pattern 7:1",
      "component_type": "Part",
      "confidence": 1.0
    },
    {
      "occurrence_name": "0298100030:44",
      "part_number": "0298100030",
      "file_name": "0298100030.ipt",
      "transform": {
        "translation_mm": { "x": 620.9999999999995, "y": 1004.6999999999998, "z": -0.8000000000000305 },
        "rotation_matrix": [
          [-0.47455967234107876, 0.8802233338122356, 2.602545912676859E-15],
          [-0.8802233338122352, -0.47455967234108, -1.3661637055400974E-15],
          [3.2021193754386087E-17, -5.939358854512041E-17, 0.9999999999999979]
        ]
      },
      "grounded": false,
      "suppressed": false,
      "instance_index": 49,
      "pattern_parent": "Component Pattern 7:1",
      "component_type": "Part",
      "confidence": 1.0
    },
    {
      "occurrence_name": "0298100030:45",
      "part_number": "0298100030",
      "file_name": "0298100030.ipt",
      "transform": {
        "translation_mm": { "x": 558.9999999999997, "y": 1004.6999999999997, "z": -0.8000000000000407 },
        "rotation_matrix": [
          [-0.47455967234107876, 0.8802233338122356, 2.602545912676859E-15],
          [-0.8802233338122352, -0.47455967234108, -1.3661637055400974E-15],
          [3.2021193754386087E-17, -5.939358854512041E-17, 0.9999999999999979]
        ]
      },
      "grounded": false,
      "suppressed": false,
      "instance_index": 50,
      "pattern_parent": "Component Pattern 7:1",
      "component_type": "Part",
      "confidence": 1.0
    },
    {
      "occurrence_name": "0298100030:46",
      "part_number": "0298100030",
      "file_name": "0298100030.ipt",
      "transform": {
        "translation_mm": { "x": 86.99999999999892, "y": 730.7999999999997, "z": -0.8000000000000009 },
        "rotation_matrix": [
          [0.5698576271284144, -0.8217434422029627, -1.3340259520381455E-16],
          [0.8217434422029606, 0.5698576271284158, 4.457595408468856E-16],
          [-5.802692669019961E-17, 8.367571865124545E-17, 1.0000000000000007]
        ]
      },
      "grounded": false,
      "suppressed": false,
      "instance_index": 51,
      "pattern_parent": "Component Pattern 8:1",
      "component_type": "Part",
      "confidence": 1.0
    },
    {
      "occurrence_name": "0298100030:47",
      "part_number": "0298100030",
      "file_name": "0298100030.ipt",
      "transform": {
        "translation_mm": { "x": 86.99999999999886, "y": 670.7999999999997, "z": -0.8000000000000009 },
        "rotation_matrix": [
          [0.5698576271284144, -0.8217434422029627, -1.3340259520381455E-16],
          [0.8217434422029606, 0.5698576271284158, 4.457595408468856E-16],
          [-5.802692669019961E-17, 8.367571865124545E-17, 1.0000000000000007]
        ]
      },
      "grounded": false,
      "suppressed": false,
      "instance_index": 52,
      "pattern_parent": "Component Pattern 8:1",
      "component_type": "Part",
      "confidence": 1.0
    },
    {
      "occurrence_name": "0298100030:48",
      "part_number": "0298100030",
      "file_name": "0298100030.ipt",
      "transform": {
        "translation_mm": { "x": 86.99999999999886, "y": 610.7999999999997, "z": -0.8000000000000009 },
        "rotation_matrix": [
          [0.5698576271284144, -0.8217434422029627, -1.3340259520381455E-16],
          [0.8217434422029606, 0.5698576271284158, 4.457595408468856E-16],
          [-5.802692669019961E-17, 8.367571865124545E-17, 1.0000000000000007]
        ]
      },
      "grounded": false,
      "suppressed": false,
      "instance_index": 53,
      "pattern_parent": "Component Pattern 8:1",
      "component_type": "Part",
      "confidence": 1.0
    },
    {
      "occurrence_name": "0298100030:49",
      "part_number": "0298100030",
      "file_name": "0298100030.ipt",
      "transform": {
        "translation_mm": { "x": 86.99999999999883, "y": 550.7999999999997, "z": -0.8000000000000009 },
        "rotation_matrix": [
          [0.5698576271284144, -0.8217434422029627, -1.3340259520381455E-16],
          [0.8217434422029606, 0.5698576271284158, 4.457595408468856E-16],
          [-5.802692669019961E-17, 8.367571865124545E-17, 1.0000000000000007]
        ]
      },
      "grounded": false,
      "suppressed": false,
      "instance_index": 54,
      "pattern_parent": "Component Pattern 8:1",
      "component_type": "Part",
      "confidence": 1.0
    },
    {
      "occurrence_name": "0298100030:50",
      "part_number": "0298100030",
      "file_name": "0298100030.ipt",
      "transform": {
        "translation_mm": { "x": 86.9999999999989, "y": 490.7999999999997, "z": -0.8000000000000009 },
        "rotation_matrix": [
          [0.5698576271284144, -0.8217434422029627, -1.3340259520381455E-16],
          [0.8217434422029606, 0.5698576271284158, 4.457595408468856E-16],
          [-5.802692669019961E-17, 8.367571865124545E-17, 1.0000000000000007]
        ]
      },
      "grounded": false,
      "suppressed": false,
      "instance_index": 55,
      "pattern_parent": "Component Pattern 8:1",
      "component_type": "Part",
      "confidence": 1.0
    },
    {
      "occurrence_name": "0298100030:51",
      "part_number": "0298100030",
      "file_name": "0298100030.ipt",
      "transform": {
        "translation_mm": { "x": 86.99999999999896, "y": 430.7999999999997, "z": -0.8000000000000009 },
        "rotation_matrix": [
