{
    "occurrences": {
        "1093144795-A:1": {
            "definition": "1093144795-A.ipt",
            "transform": {
                "translation": [
                    0.0,
                    0.0,
                    0.0
                ],
                "rotation": [
                    [
                        1.0,
                        0.0,
                        0.0
                    ],
                    [
                        0.0,
                        1.0,
                        0.0
                    ],
                    [
                        0.0,
                        0.0,
                        1.0
                    ]
                ]
            }
        },
        "1028925335-B:1": {
            "definition": "1028925335-B.ipt",
            "transform": {
                "translation": [
                    79.87500000000003,
                    101.90000000000005,
                    -5.999999999993422
                ],
                "rotation": [
                    [
                        -1.0,
                        -1.0072189995624986e-16,
                        -1.0072189995627111e-16
                    ],
                    [
                        -1.0072189995626509e-16,
                        -5.934837715805314e-14,
                        1.0
                    ],
                    [
                        -1.0072189995625584e-16,
                        1.0,
                        5.934837715805314e-14
                    ]
                ]
            }
        },
        "1028925335-B:2": {
            "definition": "1028925335-B.ipt",
            "transform": {
                "translation": [
                    54.87500000000003,
                    57.50000000000004,
                    -5.999999999999998
                ],
                "rotation": [
                    [
                        1.0,
                        1.0072189995627232e-16,
                        2.320451449087505e-16
                    ],
                    [
                        2.3204514490875106e-16,
                        -5.194087990387062e-15,
                        -1.0
                    ],
                    [
                        -1.0072189995627113e-16,
                        1.0,
                        -5.194087990387062e-15
                    ]
                ]
            }
        },
        "1028925335-C:1": {
            "definition": "1028925335-C.ipt",
            "transform": {
                "translation": [
                    0.375000000000043,
                    9.998388347648264,
                    -2.775000000000459
                ],
                "rotation": [
                    [
                        -1.0,
                        7.277046271693659e-16,
                        -3.2828527993691057e-31
                    ],
                    [
                        7.277046271693659e-16,
                        1.0,
                        5.752669956763846e-16
                    ],
                    [
                        8.896648414188736e-31,
                        5.752669956763833e-16,
                        -1.0
                    ]
                ]
            }
        },
        "1028925335-C:2": {
            "definition": "1028925335-C.ipt",
            "transform": {
                "translation": [
                    92.37499999999997,
                    9.998388347648145,
                    -2.7749999999999524
                ],
                "rotation": [
                    [
                        -1.0,
                        3.781566174937242e-16,
                        6.0930229101424975e-15
                    ],
                    [
                        3.7815661749373155e-16,
                        1.0,
                        1.153206000833095e-15
                    ],
                    [
                        -6.093022910142496e-15,
                        1.1532060008330975e-15,
                        -1.0
                    ]
                ]
            }
        },
        "1028925335-D:1": {
            "definition": "1028925335-D.ipt",
            "transform": {
                "translation": [
                    33.4999999999997,
                    89.99838834764822,
                    -4.999999999999999
                ],
                "rotation": [
                    [
                        1.0,
                        -1.898637721835004e-16,
                        2.2597711961556866e-16
                    ],
                    [
                        1.169666690546953e-15,
                        2.2363444189437543e-15,
                        -0.9999999999999989
                    ],
                    [
                        -7.805926441464996e-17,
                        1.0,
                        1.830959627749065e-15
                    ]
                ]
            }
        },
        "1028925335-E:1": {
            "definition": "1028925335-E.ipt",
            "transform": {
                "translation": [
                    50.54499999999998,
                    74.79999999999998,
                    4.429067189672654e-12
                ],
                "rotation": [
                    [
                        -1.0,
                        -6.121500261572684e-19,
                        -2.883850366647421e-16
                    ],
                    [
                        -6.121500261744006e-19,
                        1.0,
                        5.940700015174967e-14
                    ],
                    [
                        2.8838503666474164e-16,
                        5.940700015174967e-14,
                        -1.0
                    ]
                ]
            }
        },
        "1028925335-F:1": {
            "definition": "1028925335-F.ipt",
            "transform": {
                "translation": [
                    38.044999999999966,
                    36.3,
                    3.920600935624061e-17
                ],
                "rotation": [
                    [
                        -1.0,
                        7.413348187935073e-20,
                        -3.7000091563211126e-21
                    ],
                    [
                        3.7000091563211126e-21,
                        5.894284035139058e-17,
                        -1.0
                    ],
                    [
                        -7.413348187935073e-20,
                        -1.0,
                        -5.894284035139058e-17
                    ]
                ]
            }
        },
        "1093144795-G:1": {
            "definition": "1093144795-G.ipt",
            "transform": {
                "translation": [
                    10.54499999999994,
                    47.5499999999999,
                    3.9206009356240454e-17
                ],
                "rotation": [
                    [
                        -3.0695708913968777e-16,
                        5.894284035139031e-17,
                        -0.9999999999999978
                    ],
                    [
                        0.9999999999999978,
                        -7.413348187933236e-20,
                        -3.0695708913968777e-16
                    ],
                    [
                        -7.413348187935071e-20,
                        -1.0,
                        -5.894284035139056e-17
                    ]
                ]
            }
        },
        "0298100025:1": {
            "definition": "0298100025.ipt",
            "transform": {
                "translation": [
                    90.49999999999983,
                    119.73161165235177,
                    -4.649999999999911
                ],
                "rotation": [
                    [
                        0.9999999999999991,
                        -3.537449660458405e-15,
                        1.6653345369397092e-16
                    ],
                    [
                        -8.881784197001323e-16,
                        -6.100685843823153e-14,
                        -0.9999999999999994
                    ],
                    [
                        3.219646771412937e-15,
                        0.9999999999999992,
                        -6.103751306826673e-14
                    ]
                ]
            }
        },
        "0298100025:2": {
            "definition": "0298100025.ipt",
            "transform": {
                "translation": [
                    -5.499999999999732,
                    119.73161165235172,
                    -4.650000000000424
                ],
                "rotation": [
                    [
                        1.0000000000000004,
                        4.646986070690868e-15,
                        6.30489186612029e-16
                    ],
                    [
                        2.419111279935122e-16,
                        -6.100685843823154e-14,
                        -1.0000000000000002
                    ],
                    [
                        -4.238845100660596e-15,
                        0.9999999999999997,
                        -6.165330305609909e-14
                    ]
                ]
            }
        },
        "0228100017-M1:1": {
            "definition": "0228100017-M1.ipt",
            "transform": {
                "translation": [
                    2.4999999999999396,
                    105.31000000000006,
                    6.852204375071677e-17
                ],
                "rotation": [
                    [
                        0.9999999999999982,
                        -1.1102230246307932e-16,
                        -3.069558787450823e-16
                    ],
                    [
                        5.70423699567372e-16,
                        1.8885436622107277e-16,
                        0.9999999999999984
                    ],
                    [
                        -5.7646311327425854e-30,
                        -1.0000000000000002,
                        -2.2439933806639353e-44
                    ]
                ]
            }
        },
        "0228100017-M1:3": {
            "definition": "0228100017-M1.ipt",
            "transform": {
                "translation": [
                    2.4999999999999463,
                    84.31000000000004,
                    6.852204375071677e-17
                ],
                "rotation": [
                    [
                        0.9999999999999982,
                        -1.1102230246307932e-16,
                        -3.069558787450823e-16
                    ],
                    [
                        5.70423699567372e-16,
                        1.8885436622107277e-16,
                        0.9999999999999984
                    ],
                    [
                        -5.7646311327425854e-30,
                        -1.0000000000000002,
                        -2.2439933806639353e-44
                    ]
                ]
            }
        },
        "0228100017-M1:4": {
            "definition": "0228100017-M1.ipt",
            "transform": {
                "translation": [
                    23.49999999999994,
                    105.31000000000007,
                    6.852204375059573e-17
                ],
                "rotation": [
                    [
                        0.9999999999999982,
                        -1.1102230246307932e-16,
                        -3.069558787450823e-16
                    ],
                    [
                        5.70423699567372e-16,
                        1.8885436622107277e-16,
                        0.9999999999999984
                    ],
                    [
                        -5.7646311327425854e-30,
                        -1.0000000000000002,
                        -2.2439933806639353e-44
                    ]
                ]
            }
        },
        "0228100017-M1:5": {
            "definition": "0228100017-M1.ipt",
            "transform": {
                "translation": [
                    23.499999999999947,
                    84.31000000000006,
                    6.852204375059573e-17
                ],
                "rotation": [
                    [
                        0.9999999999999982,
                        -1.1102230246307932e-16,
                        -3.069558787450823e-16
                    ],
                    [
                        5.70423699567372e-16,
                        1.8885436622107277e-16,
                        0.9999999999999984
                    ],
                    [
                        -5.7646311327425854e-30,
                        -1.0000000000000002,
                        -2.2439933806639353e-44
                    ]
                ]
            }
        },
        "0298100030:1": {
            "definition": "0298100030.ipt",
            "transform": {
                "translation": [
                    46.849999999999945,
                    120.87000000000003,
                    -0.07999999999999996
                ],
                "rotation": [
                    [
                        -0.7390612500278276,
                        -0.6736382328129116,
                        9.957711914122246e-15
                    ],
                    [
                        0.673638232812911,
                        -0.7390612500278271,
                        1.3441753467883656e-16
                    ],
                    [
                        9.02313408066433e-15,
                        8.224390192698927e-15,
                        0.9999999999999987
                    ]
                ]
            }
        },
        "0298100030:3": {
            "definition": "0298100030.ipt",
            "transform": {
                "translation": [
                    41.449999999999946,
                    120.87000000000003,
                    -0.08000000000000003
                ],
                "rotation": [
                    [
                        -0.3997015939512651,
                        -0.9166453162444111,
                        4.0245584642661925e-16
                    ],
                    [
                        0.9166453162444107,
                        -0.39970159395126476,
                        -4.8570479547572746e-17
                    ],
                    [
                        -1.3302805874125433e-17,
                        -3.0507645908743863e-17,
                        1.0000000000000002
                    ]
                ]
            }
        },
        "0298100030:4": {
            "definition": "0298100030.ipt",
            "transform": {
                "translation": [
                    36.14999999999994,
                    120.87000000000003,
                    -0.08000000000000015
                ],
                "rotation": [
                    [
                        0.9696569657118062,
                        -0.24446956629931257,
                        -1.1102230246251565e-16
                    ],
                    [
                        0.24446956629931288,
                        0.9696569657118052,
                        5.201712160896367e-16
                    ],
                    [
                        -2.2028815939417986e-16,
                        5.553897171092444e-17,
                        1.0000000000000018
                    ]
                ]
            }
        },
        "0298100030:5": {
            "definition": "0298100030.ipt",
            "transform": {
                "translation": [
                    33.94999999999994,
                    118.87000000000003,
                    -0.08000000000000004
                ],
                "rotation": [
                    [
                        -0.457092875867155,
                        0.8894189692330033,
                        9.133319101017885e-16
                    ],
                    [
                        -0.8894189692330035,
                        -0.45709287586715386,
                        -6.41528476369824e-16
                    ],
                    [
                        -1.934518994488804e-18,
                        3.7642194417835744e-18,
                        1.0
                    ]
                ]
            }
        },
        "0298100030:6": {
            "definition": "0298100030.ipt",
            "transform": {
                "translation": [
                    33.94999999999994,
                    115.57000000000004,
                    -0.0800000000000001
                ],
                "rotation": [
                    [
                        -0.38735645489767856,
                        0.9219300281741032,
                        1.1529501103677996e-15
                    ],
                    [
                        -0.921930028174106,
                        -0.38735645489767634,
                        -5.417161985877348e-16
                    ],
                    [
                        -1.4516390388126236e-17,
                        3.4549821050605234e-17,
                        1.0000000000000007
                    ]
                ]
            }
        },
        "0298100030:7": {
            "definition": "0298100030.ipt",
            "transform": {
                "translation": [
                    33.94999999999995,
                    112.07000000000005,
                    -0.07999999999999988
                ],
                "rotation": [
                    [
                        -0.9938929084430603,
                        -0.11034893088106494,
                        -5.204170427930434e-17
                    ],
                    [
                        0.11034893088106526,
                        -0.9938929084430599,
                        -7.771561172376096e-16
                    ],
                    [
                        0.0,
                        0.0,
                        0.999999999999998
                    ]
                ]
            }
        },
        "0298100030:8": {
            "definition": "0298100030.ipt",
            "transform": {
                "translation": [
                    33.949999999999925,
                    108.57000000000005,
                    -0.08000000000000015
                ],
                "rotation": [
                    [
                        0.604109011762415,
                        -0.7969016889851828,
                        -5.412337245047641e-16
                    ],
                    [
                        0.7969016889851837,
                        0.6041090117624149,
                        3.5532839187338874e-16
                    ],
                    [
                        -6.680982042659353e-18,
                        8.813121092735593e-18,
                        1.000000000000001
                    ]
                ]
            }
        },
        "0298100030:9": {
            "definition": "0298100030.ipt",
            "transform": {
                "translation": [
                    33.949999999999946,
                    105.07000000000004,
                    -0.08
                ],
                "rotation": [
                    [
                        0.9080144589998604,
                        0.4189388287652401,
                        1.3880621950637704e-15
                    ],
                    [
                        -0.41893882876523975,
                        0.9080144589998608,
                        2.2632022419604785e-17
                    ],
                    [
                        -1.950150936338065e-17,
                        -8.997587440235321e-18,
                        0.9999999999999996
                    ]
                ]
            }
        },
        "0298100030:10": {
            "definition": "0298100030.ipt",
            "transform": {
                "translation": [
                    33.949999999999946,
                    101.57000000000004,
                    -0.08000000000000004
                ],
                "rotation": [
                    [
                        0.5092971369096388,
                        0.8605907426504451,
                        5.551115123125782e-16
                    ],
                    [
                        -0.8605907426504456,
                        0.5092971369096387,
                        1.0841675959996448e-16
                    ],
                    [
                        -1.1915766526801093e-17,
                        -2.0134804657989836e-17,
                        1.0
                    ]
                ]
            }
        },
        "0298100030:11": {
            "definition": "0298100030.ipt",
            "transform": {
                "translation": [
                    33.949999999999946,
                    98.07000000000004,
                    -0.07999999999999996
                ],
                "rotation": [
                    [
                        0.8998516919810141,
                        0.4361959793933279,
                        4.654620791798977e-16
                    ],
                    [
                        -0.4361959793933276,
                        0.8998516919810152,
                        2.4213337584188674e-16
                    ],
                    [
                        4.1902221557416754e-17,
                        2.031176996595485e-17,
                        0.9999999999999989
                    ]
                ]
            }
        },
        "0298100030:12": {
            "definition": "0298100030.ipt",
            "transform": {
                "translation": [
                    33.949999999999946,
                    94.57000000000004,
                    -0.08000000000000003
                ],
                "rotation": [
                    [
                        0.8378804166769962,
                        0.5458538333191223,
                        -5.5511151231257704e-17
                    ],
                    [
                        -0.5458538333191222,
                        0.8378804166769975,
                        4.3102838428802236e-17
                    ],
                    [
                        3.985960613475085e-17,
                        2.596733181750889e-17,
                        0.9999999999999999
                    ]
                ]
            }
        },
        "0298100030:13": {
            "definition": "0298100030.ipt",
            "transform": {
                "translation": [
                    33.94999999999995,
                    91.07000000000006,
                    -0.08000000000000004
                ],
                "rotation": [
                    [
                        -0.9981982031432493,
                        0.06000289361012613,
                        1.70116162787875e-16
                    ],
                    [
                        -0.06000289361012584,
                        -0.9981982031432496,
                        3.199493670992089e-17
                    ],
                    [
                        -5.48805517668868e-19,
                        3.298935921305837e-20,
                        1.0
                    ]
                ]
            }
        },
        "0298100030:14": {
            "definition": "0298100030.ipt",
            "transform": {
                "translation": [
                    49.04999999999994,
                    118.87000000000003,
                    -0.07999999999999752
                ],
                "rotation": [
                    [
                        -0.457092875867155,
                        0.8894189692330033,
                        9.133319101017885e-16
                    ],
                    [
                        -0.8894189692330035,
                        -0.45709287586715386,
                        -6.41528476369824e-16
                    ],
                    [
                        -1.934518994488804e-18,
                        3.7642194417835744e-18,
                        1.0
                    ]
                ]
            }
        },
        "0298100030:15": {
            "definition": "0298100030.ipt",
            "transform": {
                "translation": [
                    49.04999999999994,
                    115.57000000000004,
                    -0.07999999999999756
                ],
                "rotation": [
                    [
                        -0.38735645489767856,
                        0.9219300281741032,
                        1.1529501103677996e-15
                    ],
                    [
                        -0.921930028174106,
                        -0.38735645489767634,
                        -5.417161985877348e-16
                    ],
                    [
                        -1.4516390388126236e-17,
                        3.4549821050605234e-17,
                        1.0000000000000007
                    ]
                ]
            }
        },
        "0298100030:16": {
            "definition": "0298100030.ipt",
            "transform": {
                "translation": [
                    49.04999999999996,
                    112.07000000000005,
                    -0.07999999999999735
                ],
                "rotation": [
                    [
                        -0.9938929084430603,
                        -0.11034893088106494,
                        -5.204170427930434e-17
                    ],
                    [
                        0.11034893088106526,
                        -0.9938929084430599,
                        -7.771561172376096e-16
                    ],
                    [
                        0.0,
                        0.0,
                        0.999999999999998
                    ]
                ]
            }
        },
        "0298100030:17": {
            "definition": "0298100030.ipt",
            "transform": {
                "translation": [
                    49.049999999999926,
                    108.57000000000004,
                    -0.07999999999999763
                ],
                "rotation": [
                    [
                        0.604109011762415,
                        -0.7969016889851828,
                        -5.412337245047641e-16
                    ],
                    [
                        0.7969016889851837,
                        0.6041090117624149,
                        3.5532839187338874e-16
                    ],
                    [
                        -6.680982042659353e-18,
                        8.813121092735593e-18,
                        1.000000000000001
                    ]
                ]
            }
        },
        "0298100030:18": {
            "definition": "0298100030.ipt",
            "transform": {
                "translation": [
                    49.04999999999995,
                    105.07000000000004,
                    -0.07999999999999748
                ],
                "rotation": [
                    [
                        0.9080144589998604,
                        0.4189388287652401,
                        1.3880621950637704e-15
                    ],
                    [
                        -0.41893882876523975,
                        0.9080144589998608,
                        2.2632022419604785e-17
                    ],
                    [
                        -1.950150936338065e-17,
                        -8.997587440235321e-18,
                        0.9999999999999996
                    ]
                ]
            }
        },
        "0298100030:19": {
            "definition": "0298100030.ipt",
            "transform": {
                "translation": [
                    49.04999999999994,
                    101.57000000000004,
                    -0.0799999999999975
                ],
                "rotation": [
                    [
                        0.5092971369096388,
                        0.8605907426504451,
                        5.551115123125782e-16
                    ],
                    [
                        -0.8605907426504456,
                        0.5092971369096387,
                        1.0841675959996448e-16
                    ],
                    [
                        -1.1915766526801093e-17,
                        -2.0134804657989836e-17,
                        1.0
                    ]
                ]
            }
        },
        "0298100030:20": {
            "definition": "0298100030.ipt",
            "transform": {
                "translation": [
                    49.04999999999995,
                    98.07000000000004,
                    -0.07999999999999743
                ],
                "rotation": [
                    [
                        0.8998516919810141,
                        0.4361959793933279,
                        4.654620791798977e-16
                    ],
                    [
                        -0.4361959793933276,
                        0.8998516919810152,
                        2.4213337584188674e-16
                    ],
                    [
                        4.1902221557416754e-17,
                        2.031176996595485e-17,
                        0.9999999999999989
                    ]
                ]
            }
        },
        "0298100030:21": {
            "definition": "0298100030.ipt",
            "transform": {
                "translation": [
                    49.04999999999994,
                    94.57000000000002,
                    -0.0799999999999975
                ],
                "rotation": [
                    [
                        0.8378804166769962,
                        0.5458538333191223,
                        -5.5511151231257704e-17
                    ],
                    [
                        -0.5458538333191222,
                        0.8378804166769975,
                        4.3102838428802236e-17
                    ],
                    [
                        3.985960613475085e-17,
                        2.596733181750889e-17,
                        0.9999999999999999
                    ]
                ]
            }
        },
        "0298100030:22": {
            "definition": "0298100030.ipt",
            "transform": {
                "translation": [
                    49.04999999999996,
                    91.07000000000005,
                    -0.07999999999999752
                ],
                "rotation": [
                    [
                        -0.9981982031432493,
                        0.06000289361012613,
                        1.70116162787875e-16
                    ],
                    [
                        -0.06000289361012584,
                        -0.9981982031432496,
                        3.199493670992089e-17
                    ],
                    [
                        -5.48805517668868e-19,
                        3.298935921305837e-20,
                        1.0
                    ]
                ]
            }
        },
        "0298100030:41": {
            "definition": "0298100030.ipt",
            "transform": {
                "translation": [
                    80.69999999999996,
                    100.46999999999998,
                    -0.07999999999999993
                ],
                "rotation": [
                    [
                        -0.47455967234107876,
                        0.8802233338122356,
                        2.602545912676859e-15
                    ],
                    [
                        -0.8802233338122352,
                        -0.47455967234108,
                        -1.3661637055400974e-15
                    ],
                    [
                        3.2021193754386087e-17,
                        -5.939358854512041e-17,
                        0.9999999999999979
                    ]
                ]
            }
        },
        "0298100030:42": {
            "definition": "0298100030.ipt",
            "transform": {
                "translation": [
                    74.49999999999996,
                    100.46999999999998,
                    -0.08000000000000097
                ],
                "rotation": [
                    [
                        -0.47455967234107876,
                        0.8802233338122356,
                        2.602545912676859e-15
                    ],
                    [
                        -0.8802233338122352,
                        -0.47455967234108,
                        -1.3661637055400974e-15
                    ],
                    [
                        3.2021193754386087e-17,
                        -5.939358854512041e-17,
                        0.9999999999999979
                    ]
                ]
            }
        },
        "0298100030:43": {
            "definition": "0298100030.ipt",
            "transform": {
                "translation": [
                    68.29999999999995,
                    100.46999999999998,
                    -0.08000000000000201
                ],
                "rotation": [
                    [
                        -0.47455967234107876,
                        0.8802233338122356,
                        2.602545912676859e-15
                    ],
                    [
                        -0.8802233338122352,
                        -0.47455967234108,
                        -1.3661637055400974e-15
                    ],
                    [
                        3.2021193754386087e-17,
                        -5.939358854512041e-17,
                        0.9999999999999979
                    ]
                ]
            }
        },
        "0298100030:44": {
            "definition": "0298100030.ipt",
            "transform": {
                "translation": [
                    62.09999999999995,
                    100.46999999999998,
                    -0.08000000000000304
                ],
                "rotation": [
                    [
                        -0.47455967234107876,
                        0.8802233338122356,
                        2.602545912676859e-15
                    ],
                    [
                        -0.8802233338122352,
                        -0.47455967234108,
                        -1.3661637055400974e-15
                    ],
                    [
                        3.2021193754386087e-17,
                        -5.939358854512041e-17,
                        0.9999999999999979
                    ]
                ]
            }
        },
        "0298100030:45": {
            "definition": "0298100030.ipt",
            "transform": {
                "translation": [
                    55.89999999999996,
                    100.46999999999997,
                    -0.08000000000000407
                ],
                "rotation": [
                    [
                        -0.47455967234107876,
                        0.8802233338122356,
                        2.602545912676859e-15
                    ],
                    [
                        -0.8802233338122352,
                        -0.47455967234108,
                        -1.3661637055400974e-15
                    ],
                    [
                        3.2021193754386087e-17,
                        -5.939358854512041e-17,
                        0.9999999999999979
                    ]
                ]
            }
        },
        "0298100030:53": {
            "definition": "0298100030.ipt",
            "transform": {
                "translation": [
                    8.699999999999948,
                    31.380000000000035,
                    -0.08000000000000004
                ],
                "rotation": [
                    [
                        0.8277990747599112,
                        0.56102468022952,
                        1.4131904070699899e-15
                    ],
                    [
                        -0.5610246802295201,
                        0.8277990747599101,
                        -4.549002041071054e-17
                    ],
                    [
                        -6.514009069649555e-17,
                        -4.41474261900118e-17,
                        1.0
                    ]
                ]
            }
        },
        "0298100030:2": {
            "definition": "0298100030.ipt",
            "transform": {
                "translation": [
                    8.699999999999884,
                    79.07999999999998,
                    -0.0800000000000001
                ],
                "rotation": [
                    [
                        0.5698576271284144,
                        -0.8217434422029627,
                        -1.3340259520381455e-16
                    ],
                    [
                        0.8217434422029606,
                        0.5698576271284158,
                        4.457595408468856e-16
                    ],
                    [
                        -5.802692669019961e-17,
                        8.367571865124545e-17,
                        1.0000000000000007
                    ]
                ]
            }
        },
        "0298100030:46": {
            "definition": "0298100030.ipt",
            "transform": {
                "translation": [
                    8.699999999999893,
                    73.07999999999997,
                    -0.0800000000000001
                ],
                "rotation": [
                    [
                        0.5698576271284144,
                        -0.8217434422029627,
                        -1.3340259520381455e-16
                    ],
                    [
                        0.8217434422029606,
                        0.5698576271284158,
                        4.457595408468856e-16
                    ],
                    [
                        -5.802692669019961e-17,
                        8.367571865124545e-17,
                        1.0000000000000007
                    ]
                ]
            }
        },
        "0298100030:47": {
            "definition": "0298100030.ipt",
            "transform": {
                "translation": [
                    8.699999999999886,
                    67.07999999999997,
                    -0.0800000000000001
                ],
                "rotation": [
                    [
                        0.5698576271284144,
                        -0.8217434422029627,
                        -1.3340259520381455e-16
                    ],
                    [
                        0.8217434422029606,
                        0.5698576271284158,
                        4.457595408468856e-16
                    ],
                    [
                        -5.802692669019961e-17,
                        8.367571865124545e-17,
                        1.0000000000000007
                    ]
                ]
            }
        },
        "0298100030:48": {
            "definition": "0298100030.ipt",
            "transform": {
                "translation": [
                    8.699999999999886,
                    61.07999999999997,
                    -0.0800000000000001
                ],
                "rotation": [
                    [
                        0.5698576271284144,
                        -0.8217434422029627,
                        -1.3340259520381455e-16
                    ],
                    [
                        0.8217434422029606,
                        0.5698576271284158,
                        4.457595408468856e-16
