{
  "assembly_metadata": {
    "assembly_name": "1625891052._with_faces_reconstructed.iam",
    "full_file_name": "E:\\Phase 1\\Recreate\\1625891052._with_faces_reconstructed.iam",
    "internal_name": "{83A89E76-4DD3-C668-8795-89AB46D37AED}",
    "total_occurrences": 37,
    "total_constraints": 0
  },
  "components": [
    {
      "occurrence_name": "1625891052-P1:1",
      "occurrence_path": "1625891052-P1:1",
      "file_name": "E:\\Phase 1\\Recreate\\1625891052-P1.ipt",
      "component_type": "kPartDocumentObject",
      "grounded": true,
      "suppressed": false,
      "visible": true,
      "transform": {
        "rotation_matrix": [
          [
            1.0,
            0.0,
            0.0
          ],
          [
            0.0,
            1.0,
            0.0
          ],
          [
            0.0,
            0.0,
            1.0
          ]
        ],
        "translation_cm": [
          0.0,
          7.1054273576010023E-16,
          -4.5726423989976331E-18
        ]
      }
    },
    {
      "occurrence_name": "0298100086-M1:1",
      "occurrence_path": "0298100086-M1:1",
      "file_name": "E:\\Phase 1\\Recreate\\0298100086-M1.ipt",
      "component_type": "kPartDocumentObject",
      "grounded": false,
      "suppressed": false,
      "visible": true,
      "transform": {
        "rotation_matrix": [
          [
            0.866025403784442,
            0.499999999999996,
            -3.5E-15
          ],
          [
            3E-15,
            1.7E-15,
            1.0
          ],
          [
            0.499999999999996,
            -0.866025403784442,
            0.0
          ]
        ],
        "translation_cm": [
          7.94999999999993,
          2.77000000000003,
          9.30999999999988
        ]
      }
    },
    {
      "occurrence_name": "0298100086-M1:2",
      "occurrence_path": "0298100086-M1:2",
      "file_name": "E:\\Phase 1\\Recreate\\0298100086-M1.ipt",
      "component_type": "kPartDocumentObject",
      "grounded": false,
      "suppressed": false,
      "visible": true,
      "transform": {
        "rotation_matrix": [
          [
            0.866025403784438,
            0.499999999999999,
            -3.5E-15
          ],
          [
            3E-15,
            1.7E-15,
            1.0
          ],
          [
            0.499999999999999,
            -0.866025403784438,
            0.0
          ]
        ],
        "translation_cm": [
          7.94999999999999,
          2.77000000000003,
          -5.59
        ]
      }
    },
    {
      "occurrence_name": "0298100086-M1:3",
      "occurrence_path": "0298100086-M1:3",
      "file_name": "E:\\Phase 1\\Recreate\\0298100086-M1.ipt",
      "component_type": "kPartDocumentObject",
      "grounded": false,
      "suppressed": false,
      "visible": true,
      "transform": {
        "rotation_matrix": [
          [
            0.866025403784438,
            0.499999999999995,
            -3.5E-15
          ],
          [
            3E-15,
            1.7E-15,
            1.0
          ],
          [
            0.499999999999995,
            -0.866025403784438,
            0.0
          ]
        ],
        "translation_cm": [
          19.349999999999902,
          2.7700000000000697,
          -5.59
        ]
      }
    },
    {
      "occurrence_name": "0298100086-M1:4",
      "occurrence_path": "0298100086-M1:4",
      "file_name": "E:\\Phase 1\\Recreate\\0298100086-M1.ipt",
      "component_type": "kPartDocumentObject",
      "grounded": false,
      "suppressed": false,
      "visible": true,
      "transform": {
        "rotation_matrix": [
          [
            0.866025403784442,
            0.499999999999996,
            -3.5E-15
          ],
          [
            3E-15,
            1.7E-15,
            1.0
          ],
          [
            0.499999999999996,
            -0.866025403784442,
            0.0
          ]
        ],
        "translation_cm": [
          19.349999999999902,
          2.77000000000003,
          9.30999999999988
        ]
      }
    },
    {
      "occurrence_name": "0298100031-M1-00:1",
      "occurrence_path": "0298100031-M1-00:1",
      "file_name": "E:\\Phase 1\\Recreate\\0298100031-M1-00.ipt",
      "component_type": "kPartDocumentObject",
      "grounded": false,
      "suppressed": false,
      "visible": true,
      "transform": {
        "rotation_matrix": [
          [
            0.866025403784443,
            -0.499999999999992,
            -3.5E-15
          ],
          [
            3E-15,
            -1.7E-15,
            1.0
          ],
          [
            -0.499999999999992,
            -0.866025403784443,
            0.0
          ]
        ],
        "translation_cm": [
          7.49999999999995,
          2.79,
          5.9499999999999407
        ]
      }
    },
    {
      "occurrence_name": "0298100031-M1-00:2",
      "occurrence_path": "0298100031-M1-00:2",
      "file_name": "E:\\Phase 1\\Recreate\\0298100031-M1-00.ipt",
      "component_type": "kPartDocumentObject",
      "grounded": false,
      "suppressed": false,
      "visible": true,
      "transform": {
        "rotation_matrix": [
          [
            0.866025403784443,
            -0.499999999999992,
            -3.5E-15
          ],
          [
            3E-15,
            -1.7E-15,
            1.0
          ],
          [
            -0.499999999999992,
            -0.866025403784443,
            0.0
          ]
        ],
        "translation_cm": [
          7.49999999999996,
          2.79,
          -1.25000000000005
        ]
      }
    },
    {
      "occurrence_name": "0298100031-M1-00:3",
      "occurrence_path": "0298100031-M1-00:3",
      "file_name": "E:\\Phase 1\\Recreate\\0298100031-M1-00.ipt",
      "component_type": "kPartDocumentObject",
      "grounded": false,
      "suppressed": false,
      "visible": true,
      "transform": {
        "rotation_matrix": [
          [
            0.866025403784443,
            -0.499999999999992,
            -3.5E-15
          ],
          [
            3E-15,
            -1.7E-15,
            1.0
          ],
          [
            -0.499999999999992,
            -0.866025403784443,
            0.0
          ]
        ],
        "translation_cm": [
          19.8,
          2.79,
          -1.25000000000003
        ]
      }
    },
    {
      "occurrence_name": "0298100031-M1-00:4",
      "occurrence_path": "0298100031-M1-00:4",
      "file_name": "E:\\Phase 1\\Recreate\\0298100031-M1-00.ipt",
      "component_type": "kPartDocumentObject",
      "grounded": false,
      "suppressed": false,
      "visible": true,
      "transform": {
        "rotation_matrix": [
          [
            0.866025403784443,
            -0.499999999999992,
            -3.5E-15
          ],
          [
            3E-15,
            -1.7E-15,
            1.0
          ],
          [
            -0.499999999999992,
            -0.866025403784443,
            0.0
          ]
        ],
        "translation_cm": [
          19.8,
          2.79,
          5.94999999999996
        ]
      }
    },
    {
      "occurrence_name": "0129327042-M2:1",
      "occurrence_path": "0129327042-M2:1",
      "file_name": "E:\\Phase 1\\Recreate\\0129327042-M2.ipt",
      "component_type": "kPartDocumentObject",
      "grounded": false,
      "suppressed": false,
      "visible": true,
      "transform": {
        "rotation_matrix": [
          [
            -1.0,
            1.7E-15,
            -1E-16
          ],
          [
            -1.5E-15,
            -0.996641112368214,
            0.08189318126345
          ],
          [
            1E-16,
            0.08189318126345,
            0.996641112368215
          ]
        ],
        "translation_cm": [
          2.84999999999999,
          1.34999999999999,
          -11.35
        ]
      }
    },
    {
      "occurrence_name": "0129327042-M2:2",
      "occurrence_path": "0129327042-M2:2",
      "file_name": "E:\\Phase 1\\Recreate\\0129327042-M2.ipt",
      "component_type": "kPartDocumentObject",
      "grounded": false,
      "suppressed": false,
      "visible": true,
      "transform": {
        "rotation_matrix": [
          [
            1.0,
            -9E-15,
            0.0
          ],
          [
            8.8E-15,
            1.0,
            -2.33E-14
          ],
          [
            2E-16,
            2.33E-14,
            1.0
          ]
        ],
        "translation_cm": [
          73.44999999999979,
          1.35000000000037,
          -11.3499999999999
        ]
      }
    },
    {
      "occurrence_name": "0129327042-M2:3",
      "occurrence_path": "0129327042-M2:3",
      "file_name": "E:\\Phase 1\\Recreate\\0129327042-M2.ipt",
      "component_type": "kPartDocumentObject",
      "grounded": false,
      "suppressed": false,
      "visible": true,
      "transform": {
        "rotation_matrix": [
          [
            -1.0,
            1.7E-15,
            -1E-16
          ],
          [
            -1.5E-15,
            -0.996641112368214,
            0.08189318126345
          ],
          [
            1E-16,
            0.08189318126345,
            0.996641112368215
          ]
        ],
        "translation_cm": [
          2.84999999999999,
          1.34999999999999,
          11.35
        ]
      }
    },
    {
      "occurrence_name": "0129327042-M2:4",
      "occurrence_path": "0129327042-M2:4",
      "file_name": "E:\\Phase 1\\Recreate\\0129327042-M2.ipt",
      "component_type": "kPartDocumentObject",
      "grounded": false,
      "suppressed": false,
      "visible": true,
      "transform": {
        "rotation_matrix": [
          [
            1.0,
            -9E-15,
            0.0
          ],
          [
            8.8E-15,
            1.0,
            -2.33E-14
          ],
          [
            2E-16,
            2.33E-14,
            1.0
          ]
        ],
        "translation_cm": [
          73.44999999999979,
          1.35000000000037,
          11.3500000000001
        ]
      }
    },
    {
      "occurrence_name": "0298100051-M1:1",
      "occurrence_path": "0298100051-M1:1",
      "file_name": "E:\\Phase 1\\Recreate\\0298100051-M1.ipt",
      "component_type": "kPartDocumentObject",
      "grounded": false,
      "suppressed": false,
      "visible": true,
      "transform": {
        "rotation_matrix": [
          [
            0.866025403784432,
            0.499999999999997,
            1E-16
          ],
          [
            6E-16,
            3E-16,
            0.999999999999999
          ],
          [
            0.499999999999998,
            -0.866025403784432,
            -3E-16
          ]
        ],
        "translation_cm": [
          52.142499999999906,
          2.77000000000004,
          -8.92999999999989
        ]
      }
    },
    {
      "occurrence_name": "0298100051-M1:2",
      "occurrence_path": "0298100051-M1:2",
      "file_name": "E:\\Phase 1\\Recreate\\0298100051-M1.ipt",
      "component_type": "kPartDocumentObject",
      "grounded": false,
      "suppressed": false,
      "visible": true,
      "transform": {
        "rotation_matrix": [
          [
            0.866025403784435,
            0.499999999999989,
            1E-16
          ],
          [
            6E-16,
            3E-16,
            0.999999999999999
          ],
          [
            0.49999999999999,
            -0.866025403784434,
            -3E-16
          ]
        ],
        "translation_cm": [
          47.8500000000002,
          2.77000000000003,
          8.84999999999972
        ]
      }
    },
    {
      "occurrence_name": "0298100051-M1:3",
      "occurrence_path": "0298100051-M1:3",
      "file_name": "E:\\Phase 1\\Recreate\\0298100051-M1.ipt",
      "component_type": "kPartDocumentObject",
      "grounded": false,
      "suppressed": false,
      "visible": true,
      "transform": {
        "rotation_matrix": [
          [
            0.866025403784395,
            0.500000000000062,
            1E-16
          ],
          [
            6E-16,
            3E-16,
            0.999999999999999
          ],
          [
            0.500000000000063,
            -0.866025403784395,
            -3E-16
          ]
        ],
        "translation_cm": [
          47.849999999999696,
          2.77000000000003,
          -8.92999999999951
        ]
      }
    },
    {
      "occurrence_name": "0298100051-M1:4",
      "occurrence_path": "0298100051-M1:4",
      "file_name": "E:\\Phase 1\\Recreate\\0298100051-M1.ipt",
      "component_type": "kPartDocumentObject",
      "grounded": false,
      "suppressed": false,
      "visible": true,
      "transform": {
        "rotation_matrix": [
          [
            0.866025403784433,
            0.499999999999998,
            1E-16
          ],
          [
            6E-16,
            3E-16,
            0.999999999999999
          ],
          [
            0.499999999999999,
            -0.866025403784433,
            -3E-16
          ]
        ],
        "translation_cm": [
          52.142499999999906,
          2.77000000000004,
          8.8500000000001187
        ]
      }
    },
    {
      "occurrence_name": "0298100030:1",
      "occurrence_path": "0298100030:1",
      "file_name": "E:\\Atlas Copco\\Assembly 1\\0298100030.ipt",
      "component_type": "kPartDocumentObject",
      "grounded": false,
      "suppressed": false,
      "visible": true,
      "transform": {
        "rotation_matrix": [
          [
            0.866025403784435,
            -0.500000000000002,
            1E-16
          ],
          [
            -1E-16,
            0.0,
            1.0
          ],
          [
            -0.500000000000002,
            -0.866025403784435,
            0.0
          ]
        ],
        "translation_cm": [
          49.8500000000001,
          2.77,
          -4.67500000000015
        ]
      }
    },
    {
      "occurrence_name": "0298100030:2",
      "occurrence_path": "0298100030:2",
      "file_name": "E:\\Atlas Copco\\Assembly 1\\0298100030.ipt",
      "component_type": "kPartDocumentObject",
      "grounded": false,
      "suppressed": false,
      "visible": true,
      "transform": {
        "rotation_matrix": [
          [
            0.866025403784434,
            -0.500000000000004,
            1E-16
          ],
          [
            -1E-16,
            0.0,
            1.0
          ],
          [
            -0.500000000000004,
            -0.866025403784434,
            0.0
          ]
        ],
        "translation_cm": [
          49.8500000000001,
          2.77,
          4.84999999999972
        ]
      }
    },
    {
      "occurrence_name": "0298100051-M1:5",
      "occurrence_path": "0298100051-M1:5",
      "file_name": "E:\\Phase 1\\Recreate\\0298100051-M1.ipt",
      "component_type": "kPartDocumentObject",
      "grounded": false,
      "suppressed": false,
      "visible": true,
      "transform": {
        "rotation_matrix": [
          [
            0.866025403784434,
            0.499999999999993,
            1E-16
          ],
          [
            6E-16,
            3E-16,
            0.999999999999999
          ],
          [
            0.499999999999994,
            -0.866025403784434,
            -3E-16
          ]
        ],
        "translation_cm": [
          55.85,
          2.77000000000004,
          8.85000000000003
        ]
      }
    },
    {
      "occurrence_name": "0298100051-M1:6",
      "occurrence_path": "0298100051-M1:6",
      "file_name": "E:\\Phase 1\\Recreate\\0298100051-M1.ipt",
      "component_type": "kPartDocumentObject",
      "grounded": false,
      "suppressed": false,
      "visible": true,
      "transform": {
        "rotation_matrix": [
          [
            0.866025403784435,
            0.499999999999992,
            1E-16
          ],
          [
            6E-16,
            3E-16,
            0.999999999999999
          ],
          [
            0.499999999999993,
            -0.866025403784435,
            -3E-16
          ]
        ],
        "translation_cm": [
          55.85,
          2.77000000000004,
          1.8500000000001102
        ]
      }
    },
    {
      "occurrence_name": "0298100051-M1:7",
      "occurrence_path": "0298100051-M1:7",
      "file_name": "E:\\Phase 1\\Recreate\\0298100051-M1.ipt",
      "component_type": "kPartDocumentObject",
      "grounded": false,
      "suppressed": false,
      "visible": true,
      "transform": {
        "rotation_matrix": [
          [
            0.866025403784433,
            0.499999999999995,
            1E-16
          ],
          [
            6E-16,
            3E-16,
            0.999999999999999
          ],
          [
            0.499999999999996,
            -0.866025403784433,
            -3E-16
          ]
        ],
        "translation_cm": [
          58.35,
          2.77000000000004,
          5.85
        ]
      }
    },
    {
      "occurrence_name": "0298100051-M1:8",
      "occurrence_path": "0298100051-M1:8",
      "file_name": "E:\\Phase 1\\Recreate\\0298100051-M1.ipt",
      "component_type": "kPartDocumentObject",
      "grounded": false,
      "suppressed": false,
      "visible": true,
      "transform": {
        "rotation_matrix": [
          [
            0.86602540378443,
            0.500000000000002,
            1E-16
          ],
          [
            6E-16,
            3E-16,
            0.999999999999999
          ],
          [
            0.500000000000003,
            -0.86602540378443,
            -3E-16
          ]
        ],
        "translation_cm": [
          58.349999999999895,
          2.77000000000004,
          -1.1499999999999
        ]
      }
    },
    {
      "occurrence_name": "0298100051-M1:9",
      "occurrence_path": "0298100051-M1:9",
      "file_name": "E:\\Phase 1\\Recreate\\0298100051-M1.ipt",
      "component_type": "kPartDocumentObject",
      "grounded": false,
      "suppressed": false,
      "visible": true,
      "transform": {
        "rotation_matrix": [
          [
            0.866025403784434,
            0.499999999999996,
            1E-16
          ],
          [
            6E-16,
            3E-16,
            0.999999999999999
          ],
          [
            0.499999999999997,
            -0.866025403784434,
            -3E-16
          ]
        ],
        "translation_cm": [
          55.849999999999795,
          2.77000000000004,
          -5.14999999999971
        ]
      }
    },
    {
      "occurrence_name": "0298100051-M1:10",
      "occurrence_path": "0298100051-M1:10",
      "file_name": "E:\\Phase 1\\Recreate\\0298100051-M1.ipt",
      "component_type": "kPartDocumentObject",
      "grounded": false,
      "suppressed": false,
      "visible": true,
      "transform": {
        "rotation_matrix": [
          [
            0.866025403784437,
            0.499999999999989,
            1E-16
          ],
          [
            6E-16,
            3E-16,
            0.999999999999999
          ],
          [
            0.49999999999999,
            -0.866025403784437,
            -3E-16
          ]
        ],
        "translation_cm": [
          58.3500000000001,
          2.77000000000004,
          -8.1500000000001087
        ]
      }
    },
    {
      "occurrence_name": "0298100030:3",
      "occurrence_path": "0298100030:3",
      "file_name": "E:\\Atlas Copco\\Assembly 1\\0298100030.ipt",
      "component_type": "kPartDocumentObject",
      "grounded": false,
      "suppressed": false,
      "visible": true,
      "transform": {
        "rotation_matrix": [
          [
            0.86602540378444,
            -0.499999999999996,
            1E-16
          ],
          [
            -1E-16,
            0.0,
            1.0
          ],
          [
            -0.499999999999996,
            -0.86602540378444,
            0.0
          ]
        ],
        "translation_cm": [
          45.849999999999895,
          2.77,
          3.85000000000018
        ]
      }
    },
    {
      "occurrence_name": "0298100030:4",
      "occurrence_path": "0298100030:4",
      "file_name": "E:\\Atlas Copco\\Assembly 1\\0298100030.ipt",
      "component_type": "kPartDocumentObject",
      "grounded": false,
      "suppressed": false,
      "visible": true,
      "transform": {
        "rotation_matrix": [
          [
            0.866025403784434,
            -0.500000000000006,
            1E-16
          ],
          [
            -1E-16,
            0.0,
            1.0
          ],
          [
            -0.500000000000006,
            -0.866025403784434,
            0.0
          ]
        ],
        "translation_cm": [
          53.1398,
          2.77,
          3.84999999999994
        ]
      }
    },
    {
      "occurrence_name": "0298100030:5",
      "occurrence_path": "0298100030:5",
      "file_name": "E:\\Atlas Copco\\Assembly 1\\0298100030.ipt",
      "component_type": "kPartDocumentObject",
      "grounded": false,
      "suppressed": false,
      "visible": true,
      "transform": {
        "rotation_matrix": [
          [
            0.866025403784438,
            -0.499999999999999,
            1E-16
          ],
          [
            -1E-16,
            0.0,
            1.0
          ],
          [
            -0.499999999999999,
            -0.866025403784438,
            0.0
          ]
        ],
        "translation_cm": [
          45.85,
          2.77,
          0.040000000000033696
        ]
      }
    },
    {
      "occurrence_name": "0298100030:6",
      "occurrence_path": "0298100030:6",
      "file_name": "E:\\Atlas Copco\\Assembly 1\\0298100030.ipt",
      "component_type": "kPartDocumentObject",
      "grounded": false,
      "suppressed": false,
      "visible": true,
      "transform": {
        "rotation_matrix": [
          [
            0.866025403784437,
            -0.500000000000001,
            1E-16
          ],
          [
            -1E-16,
            0.0,
            1.0
          ],
          [
            -0.500000000000001,
            -0.866025403784437,
            0.0
          ]
        ],
        "translation_cm": [
          53.1397999999999,
          2.77,
          0.040000000000082095
        ]
      }
    },
    {
      "occurrence_name": "0298100030:7",
      "occurrence_path": "0298100030:7",
      "file_name": "E:\\Atlas Copco\\Assembly 1\\0298100030.ipt",
      "component_type": "kPartDocumentObject",
      "grounded": false,
      "suppressed": false,
      "visible": true,
      "transform": {
        "rotation_matrix": [
          [
            0.866025403784436,
            -0.500000000000001,
            1E-16
          ],
          [
            -1E-16,
            0.0,
            1.0
          ],
          [
            -0.500000000000001,
            -0.866025403784436,
            0.0
          ]
        ],
        "translation_cm": [
          60.4295999999999,
          2.77,
          0.0400000000000845
        ]
      }
    },
    {
      "occurrence_name": "0298100030:8",
      "occurrence_path": "0298100030:8",
      "file_name": "E:\\Atlas Copco\\Assembly 1\\0298100030.ipt",
      "component_type": "kPartDocumentObject",
      "grounded": false,
      "suppressed": false,
      "visible": true,
      "transform": {
        "rotation_matrix": [
          [
            0.866025403784438,
            -0.499999999999999,
            1E-16
          ],
          [
            -1E-16,
            0.0,
            1.0
          ],
          [
            -0.499999999999999,
            -0.866025403784438,
            0.0
          ]
        ],
        "translation_cm": [
          60.429600000000008,
          2.77,
          3.85000000000001
        ]
      }
    },
    {
      "occurrence_name": "0298100086-M1:5",
      "occurrence_path": "0298100086-M1:5",
      "file_name": "E:\\Phase 1\\Recreate\\0298100086-M1.ipt",
      "component_type": "kPartDocumentObject",
      "grounded": false,
      "suppressed": false,
      "visible": true,
      "transform": {
        "rotation_matrix": [
          [
            0.866025403784436,
            0.499999999999999,
            -3.5E-15
          ],
          [
            3E-15,
            1.7E-15,
            1.0
          ],
          [
            0.499999999999999,
            -0.866025403784436,
            0.0
          ]
        ],
        "translation_cm": [
          38.449999999999804,
          2.77000000000014,
          8.35000000000035
        ]
      }
    },
    {
      "occurrence_name": "0298100086-M1:6",
      "occurrence_path": "0298100086-M1:6",
      "file_name": "E:\\Phase 1\\Recreate\\0298100086-M1.ipt",
      "component_type": "kPartDocumentObject",
      "grounded": false,
      "suppressed": false,
      "visible": true,
      "transform": {
        "rotation_matrix": [
          [
            0.866025403784443,
            0.499999999999987,
            -3.5E-15
          ],
          [
            3E-15,
            1.7E-15,
            1.0
          ],
          [
            0.499999999999987,
            -0.866025403784443,
            0.0
          ]
        ],
        "translation_cm": [
          63.4500000000004,
          2.77000000000022,
          -9.65000000000082
        ]
      }
    },
    {
      "occurrence_name": "0298100086-M1:7",
      "occurrence_path": "0298100086-M1:7",
      "file_name": "E:\\Phase 1\\Recreate\\0298100086-M1.ipt",
      "component_type": "kPartDocumentObject",
      "grounded": false,
      "suppressed": false,
      "visible": true,
      "transform": {
        "rotation_matrix": [
          [
            0.866025403784436,
            0.499999999999997,
            -3.5E-15
          ],
          [
            3E-15,
            1.7E-15,
            1.0
          ],
          [
            0.499999999999997,
            -0.866025403784436,
            0.0
          ]
        ],
        "translation_cm": [
          63.4500000000001,
          2.77000000000022,
          8.34999999999978
        ]
      }
    },
    {
      "occurrence_name": "0298100086-M1:8",
      "occurrence_path": "0298100086-M1:8",
      "file_name": "E:\\Phase 1\\Recreate\\0298100086-M1.ipt",
      "component_type": "kPartDocumentObject",
      "grounded": false,
      "suppressed": false,
      "visible": true,
      "transform": {
        "rotation_matrix": [
          [
            0.866025403784443,
            0.499999999999987,
            -3.5E-15
          ],
          [
            3E-15,
            1.7E-15,
            1.0
          ],
          [
            0.499999999999987,
            -0.866025403784443,
            0.0
          ]
        ],
        "translation_cm": [
          38.4500000000003,
          2.77000000000014,
          -9.65000000000049
        ]
      }
    },
    {
      "occurrence_name": "0298100086-M1:9",
      "occurrence_path": "0298100086-M1:9",
      "file_name": "E:\\Phase 1\\Recreate\\0298100086-M1.ipt",
      "component_type": "kPartDocumentObject",
      "grounded": false,
      "suppressed": false,
      "visible": true,
      "transform": {
        "rotation_matrix": [
          [
            0.866025403784436,
            0.499999999999997,
            -3.5E-15
          ],
          [
            3E-15,
            1.7E-15,
            1.0
          ],
          [
            0.499999999999997,
            -0.866025403784436,
            0.0
          ]
        ],
        "translation_cm": [
          70.4499999999999,
          2.77000000000025,
          8.3500000000001187
        ]
      }
    },
    {
      "occurrence_name": "0298100086-M1:10",
      "occurrence_path": "0298100086-M1:10",
      "file_name": "E:\\Phase 1\\Recreate\\0298100086-M1.ipt",
      "component_type": "kPartDocumentObject",
      "grounded": false,
      "suppressed": false,
      "visible": true,
      "transform": {
        "rotation_matrix": [
          [
            0.866025403784441,
            0.499999999999987,
            -3.5E-15
          ],
          [
            3E-15,
            1.7E-15,
            1.0
          ],
          [
            0.499999999999987,
            -0.866025403784441,
            0.0
          ]
        ],
        "translation_cm": [
          70.4500000000004,
          2.77000000000025,
          -9.65000000000082
        ]
      }
    }
  ],
  "constraints": []
}