{
  "assembly_metadata": {
    "assembly_name": "1625891052.iam",
    "full_file_name": "E:\\Phase 1\\Assembly 2\\1625891052.iam",
    "internal_name": "{CDE21751-4E5C-EABD-B49C-33825E9E8377}",
    "total_occurrences": 37,
    "total_constraints": 95
  },
  "components": [
    {
      "occurrence_name": "1625891052-P1:1",
      "occurrence_path": "1625891052-P1:1",
      "file_name": "E:\\Phase 1\\Assembly 2\\1625891052-P1.ipt",
      "component_type": "kPartDocumentObject",
      "grounded": true,
      "suppressed": false,
      "visible": true,
      "transform": {
        "rotation_matrix": [
          [
            1.0,
            0.0,
            0.0
          ],
          [
            0.0,
            1.0,
            0.0
          ],
          [
            0.0,
            0.0,
            1.0
          ]
        ],
        "translation_cm": [
          0.0,
          0.0,
          0.0
        ]
      }
    },
    {
      "occurrence_name": "0298100086-M1:5",
      "occurrence_path": "0298100086-M1:5",
      "file_name": "E:\\Phase 1\\Assembly 2\\0298100086-M1.ipt",
      "component_type": "kPartDocumentObject",
      "grounded": false,
      "suppressed": false,
      "visible": true,
      "transform": {
        "rotation_matrix": [
          [
            0.866025403784438,
            0.49999999999999933,
            -3.4936238515914514E-15
          ],
          [
            3.0267437956045192E-15,
            1.7447736677020256E-15,
            1.0
          ],
          [
            0.49999999999999933,
            -0.866025403784438,
            -2.3535777181515976E-18
          ]
        ],
        "translation_cm": [
          7.9499999999999895,
          2.77000000000003,
          -5.5900000000000043
        ]
      }
    },
    {
      "occurrence_name": "0298100086-M1:6",
      "occurrence_path": "0298100086-M1:6",
      "file_name": "E:\\Phase 1\\Assembly 2\\0298100086-M1.ipt",
      "component_type": "kPartDocumentObject",
      "grounded": false,
      "suppressed": false,
      "visible": true,
      "transform": {
        "rotation_matrix": [
          [
            0.86602540378443837,
            0.49999999999999467,
            -3.4936238515914486E-15
          ],
          [
            3.0267437956045188E-15,
            1.7447736677020082E-15,
            1.0
          ],
          [
            0.49999999999999467,
            -0.86602540378443837,
            -2.3535777181524924E-18
          ]
        ],
        "translation_cm": [
          19.349999999999909,
          2.7700000000000689,
          -5.589999999999999
        ]
      }
    },
    {
      "occurrence_name": "0298100086-M1:1",
      "occurrence_path": "0298100086-M1:1",
      "file_name": "E:\\Phase 1\\Assembly 2\\0298100086-M1.ipt",
      "component_type": "kPartDocumentObject",
      "grounded": false,
      "suppressed": false,
      "visible": true,
      "transform": {
        "rotation_matrix": [
          [
            0.86602540378444226,
            0.49999999999999606,
            -3.493623851591453E-15
          ],
          [
            3.0267437956045393E-15,
            1.7447736677020167E-15,
            1.0
          ],
          [
            0.49999999999999606,
            -0.86602540378444226,
            -2.3535777181364328E-18
          ]
        ],
        "translation_cm": [
          7.9499999999999291,
          2.7700000000000293,
          9.30999999999988
        ]
      }
    },
    {
      "occurrence_name": "0298100086-M1:7",
      "occurrence_path": "0298100086-M1:7",
      "file_name": "E:\\Phase 1\\Assembly 2\\0298100086-M1.ipt",
      "component_type": "kPartDocumentObject",
      "grounded": false,
      "suppressed": false,
      "visible": true,
      "transform": {
        "rotation_matrix": [
          [
            0.86602540378444226,
            0.49999999999999606,
            -3.493623851591453E-15
          ],
          [
            3.0267437956045393E-15,
            1.7447736677020167E-15,
            1.0
          ],
          [
            0.49999999999999606,
            -0.86602540378444226,
            -2.3535777181364328E-18
          ]
        ],
        "translation_cm": [
          19.349999999999927,
          2.7700000000000298,
          9.30999999999988
        ]
      }
    },
    {
      "occurrence_name": "0298100031-M1-00:1",
      "occurrence_path": "0298100031-M1-00:1",
      "file_name": "E:\\Phase 1\\Assembly 2\\0298100031-M1-00.ipt",
      "component_type": "kPartDocumentObject",
      "grounded": false,
      "suppressed": false,
      "visible": true,
      "transform": {
        "rotation_matrix": [
          [
            0.8660254037844427,
            -0.49999999999999217,
            -3.4936238515914561E-15
          ],
          [
            3.0243902178863724E-15,
            -1.7488501838894049E-15,
            1.0
          ],
          [
            -0.49999999999999217,
            -0.8660254037844427,
            -2.3535777181560045E-18
          ]
        ],
        "translation_cm": [
          7.49999999999995,
          2.7900000000000018,
          5.9499999999999353
        ]
      }
    },
    {
      "occurrence_name": "0298100031-M1-00:2",
      "occurrence_path": "0298100031-M1-00:2",
      "file_name": "E:\\Phase 1\\Assembly 2\\0298100031-M1-00.ipt",
      "component_type": "kPartDocumentObject",
      "grounded": false,
      "suppressed": false,
      "visible": true,
      "transform": {
        "rotation_matrix": [
          [
            0.8660254037844427,
            -0.49999999999999217,
            -3.4936238515914561E-15
          ],
          [
            3.0243902178863724E-15,
            -1.7488501838894049E-15,
            1.0
          ],
          [
            -0.49999999999999217,
            -0.8660254037844427,
            -2.3535777181560045E-18
          ]
        ],
        "translation_cm": [
          7.4999999999999609,
          2.7900000000000018,
          -1.250000000000048
        ]
      }
    },
    {
      "occurrence_name": "0298100031-M1-00:3",
      "occurrence_path": "0298100031-M1-00:3",
      "file_name": "E:\\Phase 1\\Assembly 2\\0298100031-M1-00.ipt",
      "component_type": "kPartDocumentObject",
      "grounded": false,
      "suppressed": false,
      "visible": true,
      "transform": {
        "rotation_matrix": [
          [
            0.8660254037844427,
            -0.49999999999999217,
            -3.4936238515914561E-15
          ],
          [
            3.0243902178863724E-15,
            -1.7488501838894049E-15,
            1.0
          ],
          [
            -0.49999999999999217,
            -0.8660254037844427,
            -2.3535777181560045E-18
          ]
        ],
        "translation_cm": [
          19.799999999999972,
          2.7900000000000009,
          -1.2500000000000266
        ]
      }
    },
    {
      "occurrence_name": "0298100031-M1-00:4",
      "occurrence_path": "0298100031-M1-00:4",
      "file_name": "E:\\Phase 1\\Assembly 2\\0298100031-M1-00.ipt",
      "component_type": "kPartDocumentObject",
      "grounded": false,
      "suppressed": false,
      "visible": true,
      "transform": {
        "rotation_matrix": [
          [
            0.8660254037844427,
            -0.49999999999999217,
            -3.4936238515914561E-15
          ],
          [
            3.0243902178863724E-15,
            -1.7488501838894049E-15,
            1.0
          ],
          [
            -0.49999999999999217,
            -0.8660254037844427,
            -2.3535777181560045E-18
          ]
        ],
        "translation_cm": [
          19.799999999999958,
          2.7900000000000009,
          5.9499999999999593
        ]
      }
    },
    {
      "occurrence_name": "0129327042-M2:2",
      "occurrence_path": "0129327042-M2:2",
      "file_name": "E:\\Phase 1\\Assembly 2\\0129327042-M2.ipt",
      "component_type": "kPartDocumentObject",
      "grounded": false,
      "suppressed": false,
      "visible": true,
      "transform": {
        "rotation_matrix": [
          [
            -1.0,
            1.6518267672340052E-15,
            -1.3809075792191706E-16
          ],
          [
            -1.4779751173595282E-15,
            -0.99664111236821418,
            0.081893181263450021
          ],
          [
            1.4998255450796964E-16,
            0.081893181263450007,
            0.99664111236821462
          ]
        ],
        "translation_cm": [
          2.8499999999999943,
          1.3499999999999941,
          -11.350000000000007
        ]
      }
    },
    {
      "occurrence_name": "0129327042-M2:4",
      "occurrence_path": "0129327042-M2:4",
      "file_name": "E:\\Phase 1\\Assembly 2\\0129327042-M2.ipt",
      "component_type": "kPartDocumentObject",
      "grounded": false,
      "suppressed": false,
      "visible": true,
      "transform": {
        "rotation_matrix": [
          [
            1.0,
            -9.0079438756348621E-15,
            -2.3535777179466E-18
          ],
          [
            8.8414104219418791E-15,
            0.99999999999999978,
            -2.3257911748711158E-14
          ],
          [
            1.6888703141193415E-16,
            2.3285667324328002E-14,
            0.99999999999999989
          ]
        ],
        "translation_cm": [
          73.449999999999847,
          1.3500000000003698,
          -11.349999999999916
        ]
      }
    },
    {
      "occurrence_name": "0129327042-M2:6",
      "occurrence_path": "0129327042-M2:6",
      "file_name": "E:\\Phase 1\\Assembly 2\\0129327042-M2.ipt",
      "component_type": "kPartDocumentObject",
      "grounded": false,
      "suppressed": false,
      "visible": true,
      "transform": {
        "rotation_matrix": [
          [
            -1.0,
            1.6518267672340052E-15,
            -1.3809075792191706E-16
          ],
          [
            -1.4779751173595282E-15,
            -0.99664111236821418,
            0.081893181263450021
          ],
          [
            1.4998255450796964E-16,
            0.081893181263450007,
            0.99664111236821462
          ]
        ],
        "translation_cm": [
          2.8499999999999943,
          1.3499999999999941,
          11.35
        ]
      }
    },
    {
      "occurrence_name": "0129327042-M2:8",
      "occurrence_path": "0129327042-M2:8",
      "file_name": "E:\\Phase 1\\Assembly 2\\0129327042-M2.ipt",
      "component_type": "kPartDocumentObject",
      "grounded": false,
      "suppressed": false,
      "visible": true,
      "transform": {
        "rotation_matrix": [
          [
            1.0,
            -9.0079438756348621E-15,
            -2.3535777179466E-18
          ],
          [
            8.8414104219418791E-15,
            0.99999999999999978,
            -2.3257911748711158E-14
          ],
          [
            1.6888703141193415E-16,
            2.3285667324328002E-14,
            0.99999999999999989
          ]
        ],
        "translation_cm": [
          73.449999999999847,
          1.3500000000003698,
          11.350000000000088
        ]
      }
    },
    {
      "occurrence_name": "0298100051-M1:1",
      "occurrence_path": "0298100051-M1:1",
      "file_name": "E:\\Phase 1\\Assembly 2\\0298100051-M1.ipt",
      "component_type": "kPartDocumentObject",
      "grounded": false,
      "suppressed": false,
      "visible": true,
      "transform": {
        "rotation_matrix": [
          [
            0.86602540378443194,
            0.49999999999999678,
            5.5511151231253414E-17
          ],
          [
            5.8541611030541733E-16,
            3.3527247141450454E-16,
            0.99999999999999911
          ],
          [
            0.49999999999999778,
            -0.86602540378443182,
            -3.44939951288142E-16
          ]
        ],
        "translation_cm": [
          52.142499999999949,
          2.7700000000000364,
          -8.9299999999998931
        ]
      }
    },
    {
      "occurrence_name": "0298100051-M1:2",
      "occurrence_path": "0298100051-M1:2",
      "file_name": "E:\\Phase 1\\Assembly 2\\0298100051-M1.ipt",
      "component_type": "kPartDocumentObject",
      "grounded": false,
      "suppressed": false,
      "visible": true,
      "transform": {
        "rotation_matrix": [
          [
            0.8660254037844346,
            0.49999999999998929,
            5.551115123125061E-17
          ],
          [
            5.8541611030541989E-16,
            3.3527247141449985E-16,
            0.99999999999999911
          ],
          [
            0.49999999999999029,
            -0.86602540378443449,
            -3.4493995128814719E-16
          ]
        ],
        "translation_cm": [
          47.850000000000179,
          2.7700000000000338,
          8.8499999999997172
        ]
      }
    },
    {
      "occurrence_name": "0298100051-M1:3",
      "occurrence_path": "0298100051-M1:3",
      "file_name": "E:\\Phase 1\\Assembly 2\\0298100051-M1.ipt",
      "component_type": "kPartDocumentObject",
      "grounded": false,
      "suppressed": false,
      "visible": true,
      "transform": {
        "rotation_matrix": [
          [
            0.86602540378439474,
            0.50000000000006184,
            5.5511151231279188E-17
          ],
          [
            5.8541611030539208E-16,
            3.3527247141454832E-16,
            0.99999999999999911
          ],
          [
            0.50000000000006284,
            -0.86602540378439463,
            -3.4493995128808744E-16
          ]
        ],
        "translation_cm": [
          47.8499999999997,
          2.7700000000000329,
          -8.9299999999995059
        ]
      }
    },
    {
      "occurrence_name": "0298100051-M1:4",
      "occurrence_path": "0298100051-M1:4",
      "file_name": "E:\\Phase 1\\Assembly 2\\0298100051-M1.ipt",
      "component_type": "kPartDocumentObject",
      "grounded": false,
      "suppressed": false,
      "visible": true,
      "transform": {
        "rotation_matrix": [
          [
            0.866025403784433,
            0.4999999999999975,
            5.5511151231253531E-17
          ],
          [
            5.8541611030541723E-16,
            3.3527247141450459E-16,
            0.99999999999999911
          ],
          [
            0.4999999999999985,
            -0.86602540378443293,
            -3.4493995128814246E-16
          ]
        ],
        "translation_cm": [
          52.142499999999934,
          2.7700000000000355,
          8.8500000000001169
        ]
      }
    },
    {
      "occurrence_name": "0298100030:1",
      "occurrence_path": "0298100030:1",
      "file_name": "E:\\Atlas Copco\\Assembly 1\\0298100030.ipt",
      "component_type": "kPartDocumentObject",
      "grounded": false,
      "suppressed": false,
      "visible": true,
      "transform": {
        "rotation_matrix": [
          [
            0.86602540378443549,
            -0.50000000000000155,
            5.7537341237882374E-17
          ],
          [
            -5.1005588037298082E-17,
            2.6730412525237166E-17,
            1.0
          ],
          [
            -0.50000000000000155,
            -0.86602540378443549,
            -2.3535777181560919E-18
          ]
        ],
        "translation_cm": [
          49.850000000000108,
          2.7699999999999996,
          -4.6750000000001508
        ]
      }
    },
    {
      "occurrence_name": "0298100030:2",
      "occurrence_path": "0298100030:2",
      "file_name": "E:\\Atlas Copco\\Assembly 1\\0298100030.ipt",
      "component_type": "kPartDocumentObject",
      "grounded": false,
      "suppressed": false,
      "visible": true,
      "transform": {
        "rotation_matrix": [
          [
            0.866025403784434,
            -0.50000000000000366,
            5.75373412378824E-17
          ],
          [
            -5.1005588037297971E-17,
            2.6730412525237264E-17,
            1.0
          ],
          [
            -0.50000000000000366,
            -0.866025403784434,
            -2.3535777181561019E-18
          ]
        ],
        "translation_cm": [
          49.850000000000151,
          2.7699999999999996,
          4.8499999999997181
        ]
      }
    },
    {
      "occurrence_name": "0298100051-M1:6",
      "occurrence_path": "0298100051-M1:6",
      "file_name": "E:\\Phase 1\\Assembly 2\\0298100051-M1.ipt",
      "component_type": "kPartDocumentObject",
      "grounded": false,
      "suppressed": false,
      "visible": true,
      "transform": {
        "rotation_matrix": [
          [
            0.86602540378443393,
            0.49999999999999317,
            5.5511151231251991E-17
          ],
          [
            5.8541611030541841E-16,
            3.3527247141450212E-16,
            0.99999999999999911
          ],
          [
            0.49999999999999417,
            -0.86602540378443382,
            -3.4493995128814497E-16
          ]
        ],
        "translation_cm": [
          55.849999999999973,
          2.7700000000000391,
          8.85000000000003
        ]
      }
    },
    {
      "occurrence_name": "0298100051-M1:7",
      "occurrence_path": "0298100051-M1:7",
      "file_name": "E:\\Phase 1\\Assembly 2\\0298100051-M1.ipt",
      "component_type": "kPartDocumentObject",
      "grounded": false,
      "suppressed": false,
      "visible": true,
      "transform": {
        "rotation_matrix": [
          [
            0.86602540378443538,
            0.49999999999999239,
            5.5511151231251572E-17
          ],
          [
            5.85416110305419E-16,
            3.3527247141450124E-16,
            0.99999999999999911
          ],
          [
            0.49999999999999339,
            -0.86602540378443527,
            -3.449399512881464E-16
          ]
        ],
        "translation_cm": [
          55.849999999999966,
          2.7700000000000391,
          1.8500000000001129
        ]
      }
    },
    {
      "occurrence_name": "0298100051-M1:10",
      "occurrence_path": "0298100051-M1:10",
      "file_name": "E:\\Phase 1\\Assembly 2\\0298100051-M1.ipt",
      "component_type": "kPartDocumentObject",
      "grounded": false,
      "suppressed": false,
      "visible": true,
      "transform": {
        "rotation_matrix": [
          [
            0.86602540378443282,
            0.49999999999999534,
            5.551115123125278E-17
          ],
          [
            5.8541611030541762E-16,
            3.3527247141450336E-16,
            0.99999999999999911
          ],
          [
            0.49999999999999634,
            -0.86602540378443271,
            -3.4493995128814335E-16
          ]
        ],
        "translation_cm": [
          58.349999999999987,
          2.7700000000000409,
          5.8500000000000041
        ]
      }
    },
    {
      "occurrence_name": "0298100051-M1:11",
      "occurrence_path": "0298100051-M1:11",
      "file_name": "E:\\Phase 1\\Assembly 2\\0298100051-M1.ipt",
      "component_type": "kPartDocumentObject",
      "grounded": false,
      "suppressed": false,
      "visible": true,
      "transform": {
        "rotation_matrix": [
          [
            0.86602540378442971,
            0.50000000000000211,
            5.55111512312554E-17
          ],
          [
            5.8541611030541516E-16,
            3.3527247141450789E-16,
            0.99999999999999911
          ],
          [
            0.50000000000000311,
            -0.8660254037844296,
            -3.4493995128813807E-16
          ]
        ],
        "translation_cm": [
          58.349999999999923,
          2.77000000000004,
          -1.1499999999998973
        ]
      }
    },
    {
      "occurrence_name": "0298100051-M1:12",
      "occurrence_path": "0298100051-M1:12",
      "file_name": "E:\\Phase 1\\Assembly 2\\0298100051-M1.ipt",
      "component_type": "kPartDocumentObject",
      "grounded": false,
      "suppressed": false,
      "visible": true,
      "transform": {
        "rotation_matrix": [
          [
            0.86602540378443382,
            0.4999999999999955,
            5.5511151231252693E-17
          ],
          [
            5.8541611030541772E-16,
            3.3527247141450336E-16,
            0.99999999999999911
          ],
          [
            0.4999999999999965,
            -0.86602540378443371,
            -3.4493995128814384E-16
          ]
        ],
        "translation_cm": [
          55.849999999999845,
          2.7700000000000378,
          -5.1499999999997126
        ]
      }
    },
    {
      "occurrence_name": "0298100051-M1:13",
      "occurrence_path": "0298100051-M1:13",
      "file_name": "E:\\Phase 1\\Assembly 2\\0298100051-M1.ipt",
      "component_type": "kPartDocumentObject",
      "grounded": false,
      "suppressed": false,
      "visible": true,
      "transform": {
        "rotation_matrix": [
          [
            0.86602540378443726,
            0.49999999999998918,
            5.5511151231250271E-17
          ],
          [
            5.8541611030542019E-16,
            3.3527247141449892E-16,
            0.99999999999999911
          ],
          [
            0.49999999999999017,
            -0.86602540378443715,
            -3.4493995128814921E-16
          ]
        ],
        "translation_cm": [
          58.350000000000058,
          2.7700000000000404,
          -8.1500000000001123
        ]
      }
    },
    {
      "occurrence_name": "0298100030:3",
      "occurrence_path": "0298100030:3",
      "file_name": "E:\\Atlas Copco\\Assembly 1\\0298100030.ipt",
      "component_type": "kPartDocumentObject",
      "grounded": false,
      "suppressed": false,
      "visible": true,
      "transform": {
        "rotation_matrix": [
          [
            0.86602540378443971,
            -0.49999999999999595,
            5.7537341237882386E-17
          ],
          [
            -5.1005588037298248E-17,
            2.6730412525236777E-17,
            1.0
          ],
          [
            -0.49999999999999595,
            -0.86602540378443971,
            -2.3535777181561636E-18
          ]
        ],
        "translation_cm": [
          45.849999999999881,
          2.7699999999999987,
          3.8500000000001817
        ]
      }
    },
    {
      "occurrence_name": "0298100030:4",
      "occurrence_path": "0298100030:4",
      "file_name": "E:\\Atlas Copco\\Assembly 1\\0298100030.ipt",
      "component_type": "kPartDocumentObject",
      "grounded": false,
      "suppressed": false,
      "visible": true,
      "transform": {
        "rotation_matrix": [
          [
            0.86602540378443393,
            -0.50000000000000644,
            5.7537341237882374E-17
          ],
          [
            -5.1005588037297946E-17,
            2.67304125252374E-17,
            1.0
          ],
          [
            -0.50000000000000644,
            -0.86602540378443393,
            -2.3535777181561624E-18
          ]
        ],
        "translation_cm": [
          53.139800000000037,
          2.7699999999999982,
          3.8499999999999415
        ]
      }
    },
    {
      "occurrence_name": "0298100030:5",
      "occurrence_path": "0298100030:5",
      "file_name": "E:\\Atlas Copco\\Assembly 1\\0298100030.ipt",
      "component_type": "kPartDocumentObject",
      "grounded": false,
      "suppressed": false,
      "visible": true,
      "transform": {
        "rotation_matrix": [
          [
            0.86602540378443793,
            -0.49999999999999883,
            5.7537341237882337E-17
          ],
          [
            -5.1005588037298187E-17,
            2.6730412525236978E-17,
            1.0
          ],
          [
            -0.49999999999999883,
            -0.86602540378443793,
            -2.35357771815619E-18
          ]
        ],
        "translation_cm": [
          45.849999999999994,
          2.7699999999999987,
          0.040000000000033675
        ]
      }
    },
    {
      "occurrence_name": "0298100030:8",
      "occurrence_path": "0298100030:8",
      "file_name": "E:\\Atlas Copco\\Assembly 1\\0298100030.ipt",
      "component_type": "kPartDocumentObject",
      "grounded": false,
      "suppressed": false,
      "visible": true,
      "transform": {
        "rotation_matrix": [
          [
            0.86602540378443682,
            -0.500000000000001,
            5.75373412378824E-17
          ],
          [
            -5.10055880372981E-17,
            2.6730412525237082E-17,
            1.0
          ],
          [
            -0.500000000000001,
            -0.86602540378443682,
            -2.3535777181561994E-18
          ]
        ],
        "translation_cm": [
          53.13979999999993,
          2.7699999999999991,
          0.040000000000082137
        ]
      }
    },
    {
      "occurrence_name": "0298100030:9",
      "occurrence_path": "0298100030:9",
      "file_name": "E:\\Atlas Copco\\Assembly 1\\0298100030.ipt",
      "component_type": "kPartDocumentObject",
      "grounded": false,
      "suppressed": false,
      "visible": true,
      "transform": {
        "rotation_matrix": [
          [
            0.86602540378443582,
            -0.50000000000000067,
            5.7537341237882325E-17
          ],
          [
            -5.100558803729807E-17,
            2.6730412525237089E-17,
            1.0
          ],
          [
            -0.50000000000000067,
            -0.86602540378443582,
            -2.3535777181561932E-18
          ]
        ],
        "translation_cm": [
          60.42959999999993,
          2.7699999999999978,
          0.040000000000084468
        ]
      }
    },
    {
      "occurrence_name": "0298100030:10",
      "occurrence_path": "0298100030:10",
      "file_name": "E:\\Atlas Copco\\Assembly 1\\0298100030.ipt",
      "component_type": "kPartDocumentObject",
      "grounded": false,
      "suppressed": false,
      "visible": true,
      "transform": {
        "rotation_matrix": [
          [
            0.86602540378443782,
            -0.49999999999999928,
            5.7537341237882337E-17
          ],
          [
            -5.1005588037298156E-17,
            2.673041252523699E-17,
            1.0
          ],
          [
            -0.49999999999999928,
            -0.86602540378443782,
            -2.3535777181561659E-18
          ]
        ],
        "translation_cm": [
          60.429600000000022,
          2.7699999999999978,
          3.8500000000000085
        ]
      }
    },
    {
      "occurrence_name": "0298100086-M1:8",
      "occurrence_path": "0298100086-M1:8",
      "file_name": "E:\\Phase 1\\Assembly 2\\0298100086-M1.ipt",
      "component_type": "kPartDocumentObject",
      "grounded": false,
      "suppressed": false,
      "visible": true,
      "transform": {
        "rotation_matrix": [
          [
            0.86602540378443615,
            0.49999999999999861,
            -3.49362385159145E-15
          ],
          [
            3.0267437956045172E-15,
            1.7447736677020147E-15,
            1.0
          ],
          [
            0.49999999999999861,
            -0.86602540378443615,
            -2.3535777181602843E-18
          ]
        ],
        "translation_cm": [
          38.449999999999804,
          2.7700000000001368,
          8.3500000000003514
        ]
      }
    },
    {
      "occurrence_name": "0298100086-M1:9",
      "occurrence_path": "0298100086-M1:9",
      "file_name": "E:\\Phase 1\\Assembly 2\\0298100086-M1.ipt",
      "component_type": "kPartDocumentObject",
      "grounded": false,
      "suppressed": false,
      "visible": true,
      "transform": {
        "rotation_matrix": [
          [
            0.866025403784443,
            0.49999999999998734,
            -3.4936238515914514E-15
          ],
          [
            3.026743795604516E-15,
            1.7447736677020216E-15,
            1.0
          ],
          [
            0.49999999999998734,
            -0.866025403784443,
            -2.3535777181067581E-18
          ]
        ],
        "translation_cm": [
          63.450000000000443,
          2.770000000000223,
          -9.65000000000082
        ]
      }
    },
    {
      "occurrence_name": "0298100086-M1:10",
      "occurrence_path": "0298100086-M1:10",
      "file_name": "E:\\Phase 1\\Assembly 2\\0298100086-M1.ipt",
      "component_type": "kPartDocumentObject",
      "grounded": false,
      "suppressed": false,
      "visible": true,
      "transform": {
        "rotation_matrix": [
          [
            0.86602540378443627,
            0.49999999999999684,
            -3.4936238515914478E-15
          ],
          [
            3.0267437956045263E-15,
            1.7447736677019992E-15,
            1.0
          ],
          [
            0.49999999999999684,
            -0.86602540378443627,
            -2.3535777181729253E-18
          ]
        ],
        "translation_cm": [
          63.450000000000117,
          2.770000000000223,
          8.3499999999997812
        ]
      }
    },
    {
      "occurrence_name": "0298100086-M1:11",
      "occurrence_path": "0298100086-M1:11",
      "file_name": "E:\\Phase 1\\Assembly 2\\0298100086-M1.ipt",
      "component_type": "kPartDocumentObject",
      "grounded": false,
      "suppressed": false,
      "visible": true,
      "transform": {
        "rotation_matrix": [
          [
            0.86602540378444293,
            0.49999999999998729,
            -3.4936238515914506E-15
          ],
          [
            3.0267437956044947E-15,
            1.7447736677020579E-15,
            1.0
          ],
          [
            0.49999999999998729,
            -0.86602540378444293,
            -2.3535777180650366E-18
          ]
        ],
        "translation_cm": [
          38.450000000000252,
          2.7700000000001355,
          -9.6500000000004942
        ]
      }
    },
    {
      "occurrence_name": "0298100086-M1:12",
      "occurrence_path": "0298100086-M1:12",
      "file_name": "E:\\Phase 1\\Assembly 2\\0298100086-M1.ipt",
      "component_type": "kPartDocumentObject",
      "grounded": false,
      "suppressed": false,
      "visible": true,
      "transform": {
        "rotation_matrix": [
          [
            0.866025403784436,
            0.49999999999999745,
            -3.4936238515914486E-15
          ],
          [
            3.0267437956045184E-15,
            1.7447736677020167E-15,
            1.0
          ],
          [
            0.49999999999999745,
            -0.866025403784436,
            -2.3535777181547931E-18
          ]
        ],
        "translation_cm": [
          70.449999999999946,
          2.7700000000002474,
          8.3500000000001151
        ]
      }
    },
    {
      "occurrence_name": "0298100086-M1:13",
      "occurrence_path": "0298100086-M1:13",
      "file_name": "E:\\Phase 1\\Assembly 2\\0298100086-M1.ipt",
      "component_type": "kPartDocumentObject",
      "grounded": false,
      "suppressed": false,
      "visible": true,
      "transform": {
        "rotation_matrix": [
          [
            0.86602540378444059,
            0.4999999999999874,
            -3.4936238515914447E-15
          ],
          [
            3.0267437956045117E-15,
            1.7447736677020238E-15,
            1.0
          ],
          [
            0.4999999999999874,
            -0.86602540378444059,
            -2.3535777181079826E-18
          ]
        ],
        "translation_cm": [
          70.450000000000443,
          2.7700000000002474,
          -9.6500000000008246
        ]
      }
    }
  ],
  "constraints": [
    {
      "constraint_name": "Flush:13",
      "constraint_type": "kFlushConstraint",
      "suppressed": false,
      "occurrence_one": "0298100086-M1:1",
      "occurrence_two": "1625891052-P1:1",
      "offset_cm": 0.0,
      "angle_rad": null,
      "entity_one": {
        "entity_type": "67119520",
        "proxy_context_occurrence": "0298100086-M1:1",
        "owner_document": "E:\\Phase 1\\Assembly 2\\0298100086-M1.ipt",
        "reference_key_string": "AQQIAEgAAAAAAAAAAgAAAAEAAAADAAAABAAAAAYAAAAIAAAABgAAAAsAAAAGAAAADgAAAAYAAAARAAAABgAAABQAAAAGAAAAFgAAAAYAAAA=",
        "context_key_string": "nsIrpNQR6AFgAC2z7in7sAQAAB5AAADIMgIotS/9IIFFAwBkBQABAADtN0PA0xEdDmAAALgylIewAAABAQAAsS28CdARH+wACNywOz6oCQIBAACyBAAAAFQAZQBzAHQAoWQuKRVCBYTRbLmA3b8mWgD/////AAAAAAAABgBICM1Q4SAAYOo/XxjmxA==",
        "work_feature_name": null
      },
      "entity_two": {
        "entity_type": "67119520",
        "proxy_context_occurrence": "1625891052-P1:1",
        "owner_document": "E:\\Phase 1\\Assembly 2\\1625891052-P1.ipt",
        "reference_key_string": "AQQZANAAAAAAAAAAAgAAAAEAAAADAAAABwAAAAYAAAAKAAAABgAAAA0AAAAGAAAAEAAAAAYAAAASAAAABgAAABMAAAAGAAAAGQAAAAYAAAAcAAAABgAAAB8AAAAGAAAAIgAAAAYAAAAkAAAABgAAACUAAAAGAAAAKwAAAAYAAAAuAAAABgAAADEAAAAGAAAANAAAAAYAAAA2AAAABgAAADcAAAAGAAAAPQAAAAYAAABAAAAABgAAAEMAAAAGAAAARgAAAAYAAABIAAAABgAAAEkAAAAGAAAA",
        "context_key_string": "nsIrpNQR6AFgAC2z7in7sAQAAB5AAADIMgIotS/9IIFFAwBkBQABAADtN0PA0xEdDmAAALgylIewAAABAQAAsS28CdARH+wACNywOz6oCQIBAACyBAAAAFQAZQBzAHQA2OFEEYRNvxXxnCabM4w7DAD/////AAAAAAAABgBICM1Q4SAAYOo/XxjmxA==",
        "work_feature_name": null
      }
    },
    {
      "constraint_name": "Mate:41",
      "constraint_type": "kMateConstraint",
      "suppressed": false,
      "occurrence_one": "0298100086-M1:1",
      "occurrence_two": "1625891052-P1:1",
      "offset_cm": 0.0,
      "angle_rad": null,
      "entity_one": {
        "entity_type": "67119520",
        "proxy_context_occurrence": "0298100086-M1:1",
        "owner_document": "E:\\Phase 1\\Assembly 2\\0298100086-M1.ipt",
        "reference_key_string": "AQQIAEgAAAAAAAAAAgAAAAEAAAADAAAABwAAAAYAAAAKAAAABgAAAA4AAAAGAAAAEQAAAAYAAAAUAAAABgAAABcAAAAGAAAAGAAAAAYAAAA=",
        "context_key_string": "nsIrpNQR6AFgAC2z7in7sAQAAB5AAADIMgIotS/9IIFFAwBkBQABAADtN0PA0xEdDmAAALgylIewAAABAQAAsS28CdARH+wACNywOz6oCQIBAACyBAAAAFQAZQBzAHQAOZcqR1lB6P3ZB8SP/qCQPQD/////AAAAAAAABgBICM1Q4SAAYOo/XxjmxA==",
        "work_feature_name": null
      },
      "entity_two": {
        "entity_type": "67119520",
        "proxy_context_occurrence": "1625891052-P1:1",
        "owner_document": "E:\\Phase 1\\Assembly 2\\1625891052-P1.ipt",
        "reference_key_string": "AQQFADAAAAAAAAAAAgAAAAEAAAADAAAABwAAAAYAAAAKAAAABgAAAAwAAAAGAAAADQAAAAYAAAA=",
        "context_key_string": "nsIrpNQR6AFgAC2z7in7sAQAAB5AAADIMgIotS/9IIFFAwBkBQABAADtN0PA0xEdDmAAALgylIewAAABAQAAsS28CdARH+wACNywOz6oCQIBAACyBAAAAFQAZQBzAHQAcUyKZoVMxoveCUuJgRvMpgD/////AAAAAAAABgBICM1Q4SAAYOo/XxjmxA==",
        "work_feature_name": null
      }
    },
    {
      "constraint_name": "Mate:42",
      "constraint_type": "kMateConstraint",
      "suppressed": false,
      "occurrence_one": "0298100086-M1:1",
      "occurrence_two": "1625891052-P1:1",
      "offset_cm": 0.0,
      "angle_rad": null,
      "entity_one": {
        "entity_type": "67119520",
        "proxy_context_occurrence": "0298100086-M1:1",
        "owner_document": "E:\\Phase 1\\Assembly 2\\0298100086-M1.ipt",
        "reference_key_string": "AQQIAEgAAAAAAAAAAgAAAAEAAAADAAAABwAAAAYAAAAKAAAABgAAAA4AAAAGAAAAEQAAAAYAAAAUAAAABgAAABcAAAAGAAAAGAAAAAYAAAA=",
        "context_key_string": "nsIrpNQR6AFgAC2z7in7sAQAAB5AAADIMgIotS/9IIFFAwBkBQABAADtN0PA0xEdDmAAALgylIewAAABAQAAsS28CdARH+wACNywOz6oCQIBAACyBAAAAFQAZQBzAHQA40npPbtI54KjfdaFEYwxuQD/////AAAAAAAABgBICM1Q4SAAYOo/XxjmxA==",
        "work_feature_name": null
      },
      "entity_two": {
        "entity_type": "67119520",
        "proxy_context_occurrence": "1625891052-P1:1",
        "owner_document": "E:\\Phase 1\\Assembly 2\\1625891052-P1.ipt",
        "reference_key_string": "AQQFADAAAAAAAAAAAgAAAAEAAAADAAAABwAAAAYAAAAKAAAABgAAAAwAAAAGAAAADQAAAAYAAAA=",
        "context_key_string": "nsIrpNQR6AFgAC2z7in7sAQAAB5AAADIMgIotS/9IIFFAwBkBQABAADtN0PA0xEdDmAAALgylIewAAABAQAAsS28CdARH+wACNywOz6oCQIBAACyBAAAAFQAZQBzAHQAckdiRIVIOQKHTgaW0oozcwD/////AAAAAAAABgBICM1Q4SAAYOo/XxjmxA==",
        "work_feature_name": null
      }
    },
    {
      "constraint_name": "Flush:14",
      "constraint_type": "kFlushConstraint",
      "suppressed": false,
      "occurrence_one": "0298100086-M1:6",
      "occurrence_two": "1625891052-P1:1",
      "offset_cm": 0.0,
      "angle_rad": null,
      "entity_one": {
        "entity_type": "67119520",
        "proxy_context_occurrence": "0298100086-M1:6",
        "owner_document": "E:\\Phase 1\\Assembly 2\\0298100086-M1.ipt",
        "reference_key_string": "AQQIAEgAAAAAAAAAAgAAAAEAAAADAAAABAAAAAYAAAAIAAAABgAAAAsAAAAGAAAADgAAAAYAAAARAAAABgAAABQAAAAGAAAAFgAAAAYAAAA=",
        "context_key_string": "nsIrpNQR6AFgAC2z7in7sAQAAB5AAADIMgIotS/9IIFFAwBkBQABAADtN0PA0xEdDmAAALgylIewAAABAQAAsS28CdARH+wACNywOz6oCQIBAACyBAAAAFQAZQBzAHQA+Yhj0MZJOrZj4hmmavhlqQD/////AAAAAAAABgBICM1Q4SAAYOo/XxjmxA==",
        "work_feature_name": null
      },
      "entity_two": {
        "entity_type": "67119520",
        "proxy_context_occurrence": "1625891052-P1:1",
        "owner_document": "E:\\Phase 1\\Assembly 2\\1625891052-P1.ipt",
        "reference_key_string": "AQQZANAAAAAAAAAAAgAAAAEAAAADAAAABwAAAAYAAAAKAAAABgAAAA0AAAAGAAAAEAAAAAYAAAASAAAABgAAABMAAAAGAAAAGQAAAAYAAAAcAAAABgAAAB8AAAAGAAAAIgAAAAYAAAAkAAAABgAAACUAAAAGAAAAKwAAAAYAAAAuAAAABgAAADEAAAAGAAAANAAAAAYAAAA2AAAABgAAADcAAAAGAAAAPQAAAAYAAABAAAAABgAAAEMAAAAGAAAARgAAAAYAAABIAAAABgAAAEkAAAAGAAAA",
        "context_key_string": "nsIrpNQR6AFgAC2z7in7sAQAAB5AAADIMgIotS/9IIFFAwBkBQABAADtN0PA0xEdDmAAALgylIewAAABAQAAsS28CdARH+wACNywOz6oCQIBAACyBAAAAFQAZQBzAHQAYdBv9+BO1j9jFNqgug8gswD/////AAAAAAAABgBICM1Q4SAAYOo/XxjmxA==",
        "work_feature_name": null
      }
    },
    {
      "constraint_name": "Flush:15",
      "constraint_type": "kFlushConstraint",
      "suppressed": false,
      "occurrence_one": "0298100086-M1:5",
      "occurrence_two": "1625891052-P1:1",
      "offset_cm": 0.0,
      "angle_rad": null,
      "entity_one": {
        "entity_type": "67119520",
        "proxy_context_occurrence": "0298100086-M1:5",
        "owner_document": "E:\\Phase 1\\Assembly 2\\0298100086-M1.ipt",
        "reference_key_string": "AQQIAEgAAAAAAAAAAgAAAAEAAAADAAAABAAAAAYAAAAIAAAABgAAAAsAAAAGAAAADgAAAAYAAAARAAAABgAAABQAAAAGAAAAFgAAAAYAAAA=",
        "context_key_string": "nsIrpNQR6AFgAC2z7in7sAQAAB5AAADIMgIotS/9IIFFAwBkBQABAADtN0PA0xEdDmAAALgylIewAAABAQAAsS28CdARH+wACNywOz6oCQIBAACyBAAAAFQAZQBzAHQA3I23tTNAg9Kx0C6AECCgXQD/////AAAAAAAABgBICM1Q4SAAYOo/XxjmxA==",
        "work_feature_name": null
      },
      "entity_two": {
        "entity_type": "67119520",
        "proxy_context_occurrence": "1625891052-P1:1",
        "owner_document": "E:\\Phase 1\\Assembly 2\\1625891052-P1.ipt",
        "reference_key_string": "AQQZANAAAAAAAAAAAgAAAAEAAAADAAAABwAAAAYAAAAKAAAABgAAAA0AAAAGAAAAEAAAAAYAAAASAAAABgAAABMAAAAGAAAAGQAAAAYAAAAcAAAABgAAAB8AAAAGAAAAIgAAAAYAAAAkAAAABgAAACUAAAAGAAAAKwAAAAYAAAAuAAAABgAAADEAAAAGAAAANAAAAAYAAAA2AAAABgAAADcAAAAGAAAAPQAAAAYAAABAAAAABgAAAEMAAAAGAAAARgAAAAYAAABIAAAABgAAAEkAAAAGAAAA",
        "context_key_string": "nsIrpNQR6AFgAC2z7in7sAQAAB5AAADIMgIotS/9IIFFAwBkBQABAADtN0PA0xEdDmAAALgylIewAAABAQAAsS28CdARH+wACNywOz6oCQIBAACyBAAAAFQAZQBzAHQAcuQICWZFSwAH0XKFoel8jQD/////AAAAAAAABgBICM1Q4SAAYOo/XxjmxA==",
        "work_feature_name": null
      }
    },
    {
      "constraint_name": "Mate:43",
      "constraint_type": "kMateConstraint",
      "suppressed": false,
      "occurrence_one": "0298100086-M1:5",
      "occurrence_two": "1625891052-P1:1",
      "offset_cm": 0.0,
      "angle_rad": null,
      "entity_one": {
        "entity_type": "67119520",
        "proxy_context_occurrence": "0298100086-M1:5",
        "owner_document": "E:\\Phase 1\\Assembly 2\\0298100086-M1.ipt",
        "reference_key_string": "AQQIAEgAAAAAAAAAAgAAAAEAAAADAAAABwAAAAYAAAAKAAAABgAAAA4AAAAGAAAAEQAAAAYAAAAUAAAABgAAABcAAAAGAAAAGAAAAAYAAAA=",
