{
  "assembly_metadata": {
    "assembly_name": "1635882400-M1.iam",
    "full_file_name": "E:\\Phase 1\\Assembly 7\\1635882400-M1.iam",
    "internal_name": "{F44A1FB3-4600-E621-18D1-9787962547AA}",
    "total_occurrences": 35,
    "total_constraints": 69
  },
  "components": [
    {
      "occurrence_name": "1635882401-M1:1",
      "occurrence_path": "1635882401-M1:1",
      "file_name": "E:\\Phase 1\\Assembly 7\\1635882401-M1.ipt",
      "component_type": "kPartDocumentObject",
      "grounded": true,
      "suppressed": false,
      "visible": true,
      "transform": {
        "rotation_matrix": [
          [
            1.0,
            1.52655665885967E-16,
            2.004464353693288E-15
          ],
          [
            -1.780156205685239E-16,
            1.0,
            -1.4907779871669465E-18
          ],
          [
            -2.0686577451023594E-15,
            -1.5468663105627075E-30,
            1.0000000000000164
          ]
        ],
        "translation_cm": [
          0.0,
          0.0,
          0.0
        ]
      }
    },
    {
      "occurrence_name": "1615223001-M2:1",
      "occurrence_path": "1615223001-M2:1",
      "file_name": "E:\\Phase 1\\Assembly 7\\1615223001-M2.ipt",
      "component_type": "kPartDocumentObject",
      "grounded": false,
      "suppressed": false,
      "visible": true,
      "transform": {
        "rotation_matrix": [
          [
            1.0,
            -2.5366661946719043E-45,
            3.1544425488680593E-47
          ],
          [
            2.5366661946719043E-45,
            1.0,
            1.231054420452301E-30
          ],
          [
            3.1544425488680588E-47,
            -1.231054420452301E-30,
            1.0
          ]
        ],
        "translation_cm": [
          -68.750000000000028,
          -30.000000000000004,
          0.12500000000022185
        ]
      }
    },
    {
      "occurrence_name": "1615223001-M2:2",
      "occurrence_path": "1615223001-M2:2",
      "file_name": "E:\\Phase 1\\Assembly 7\\1615223001-M2.ipt",
      "component_type": "kPartDocumentObject",
      "grounded": false,
      "suppressed": false,
      "visible": true,
      "transform": {
        "rotation_matrix": [
          [
            1.0,
            -2.5366661946719043E-45,
            3.1544425488680593E-47
          ],
          [
            2.5366661946719043E-45,
            1.0,
            1.231054420452301E-30
          ],
          [
            3.1544425488680588E-47,
            -1.231054420452301E-30,
            1.0
          ]
        ],
        "translation_cm": [
          68.749999999999972,
          -30.000000000000028,
          0.12499999999993741
        ]
      }
    },
    {
      "occurrence_name": "1615223001-M2:3",
      "occurrence_path": "1615223001-M2:3",
      "file_name": "E:\\Phase 1\\Assembly 7\\1615223001-M2.ipt",
      "component_type": "kPartDocumentObject",
      "grounded": false,
      "suppressed": false,
      "visible": true,
      "transform": {
        "rotation_matrix": [
          [
            1.0,
            -2.5366661946719043E-45,
            3.1544425488680593E-47
          ],
          [
            2.5366661946719043E-45,
            1.0,
            1.231054420452301E-30
          ],
          [
            3.1544425488680588E-47,
            -1.231054420452301E-30,
            1.0
          ]
        ],
        "translation_cm": [
          -68.750000000000014,
          29.999999999999996,
          0.12500000000022185
        ]
      }
    },
    {
      "occurrence_name": "1615223001-M2:4",
      "occurrence_path": "1615223001-M2:4",
      "file_name": "E:\\Phase 1\\Assembly 7\\1615223001-M2.ipt",
      "component_type": "kPartDocumentObject",
      "grounded": false,
      "suppressed": false,
      "visible": true,
      "transform": {
        "rotation_matrix": [
          [
            1.0,
            -2.5366661946719043E-45,
            3.1544425488680593E-47
          ],
          [
            2.5366661946719043E-45,
            1.0,
            1.231054420452301E-30
          ],
          [
            3.1544425488680588E-47,
            -1.231054420452301E-30,
            1.0
          ]
        ],
        "translation_cm": [
          68.749999999999972,
          29.999999999999975,
          0.12499999999993741
        ]
      }
    },
    {
      "occurrence_name": "0298100025-M1-00:1",
      "occurrence_path": "0298100025-M1-00:1",
      "file_name": "E:\\Phase 1\\Assembly 7\\0298100025-M1-00.ipt",
      "component_type": "kPartDocumentObject",
      "grounded": false,
      "suppressed": false,
      "visible": true,
      "transform": {
        "rotation_matrix": [
          [
            -0.866025403784459,
            -0.49999999999996314,
            -4.8102153127725183E-15
          ],
          [
            -0.49999999999996347,
            0.86602540378445891,
            6.9610208941662457E-16
          ],
          [
            3.7091132201174119E-15,
            2.1414575160893774E-15,
            -0.99999999999999889
          ]
        ],
        "translation_cm": [
          -68.75,
          -46.599999999999994,
          0.080000000000294377
        ]
      }
    },
    {
      "occurrence_name": "0298100025-M1-00:2",
      "occurrence_path": "0298100025-M1-00:2",
      "file_name": "E:\\Phase 1\\Assembly 7\\0298100025-M1-00.ipt",
      "component_type": "kPartDocumentObject",
      "grounded": false,
      "suppressed": false,
      "visible": true,
      "transform": {
        "rotation_matrix": [
          [
            -0.86602540378441717,
            0.50000000000003642,
            -2.8365944358751834E-15
          ],
          [
            0.5000000000000363,
            0.86602540378441684,
            8.04706483124913E-16
          ],
          [
            2.7503116895556283E-15,
            -1.5878931943204723E-15,
            -0.99999999999999889
          ]
        ],
        "translation_cm": [
          68.750000000000014,
          46.600000000000016,
          0.079999999999857727
        ]
      }
    },
    {
      "occurrence_name": "0298100025-M1-00:7",
      "occurrence_path": "0298100025-M1-00:7",
      "file_name": "E:\\Phase 1\\Assembly 7\\0298100025-M1-00.ipt",
      "component_type": "kPartDocumentObject",
      "grounded": false,
      "suppressed": false,
      "visible": true,
      "transform": {
        "rotation_matrix": [
          [
            0.86602540378441362,
            -0.50000000000004208,
            -1.3007210543295211E-15
          ],
          [
            -0.50000000000004186,
            -0.86602540378441328,
            -8.0470648312489967E-16
          ],
          [
            -8.3270862843244012E-16,
            4.807645507820493E-16,
            -0.99999999999999889
          ]
        ],
        "translation_cm": [
          -62.200000000000053,
          29.900000000000006,
          0.080000000000059773
        ]
      }
    },
    {
      "occurrence_name": "0298100025-M1-00:8",
      "occurrence_path": "0298100025-M1-00:8",
      "file_name": "E:\\Phase 1\\Assembly 7\\0298100025-M1-00.ipt",
      "component_type": "kPartDocumentObject",
      "grounded": false,
      "suppressed": false,
      "visible": true,
      "transform": {
        "rotation_matrix": [
          [
            0.86602540378441362,
            -0.50000000000004208,
            -1.3007210543295211E-15
          ],
          [
            -0.50000000000004186,
            -0.86602540378441328,
            -8.0470648312489948E-16
          ],
          [
            -8.3270862843244012E-16,
            4.8076455078204921E-16,
            -0.99999999999999889
          ]
        ],
        "translation_cm": [
          -62.200000000000053,
          9.9000000000000146,
          0.080000000000059773
        ]
      }
    },
    {
      "occurrence_name": "0298100025-M1-00:9",
      "occurrence_path": "0298100025-M1-00:9",
      "file_name": "E:\\Phase 1\\Assembly 7\\0298100025-M1-00.ipt",
      "component_type": "kPartDocumentObject",
      "grounded": false,
      "suppressed": false,
      "visible": true,
      "transform": {
        "rotation_matrix": [
          [
            0.86602540378441362,
            -0.50000000000004208,
            -1.3007210543295211E-15
          ],
          [
            -0.50000000000004186,
            -0.86602540378441328,
            -8.0470648312489948E-16
          ],
          [
            -8.3270862843244012E-16,
            4.8076455078204921E-16,
            -0.99999999999999889
          ]
        ],
        "translation_cm": [
          62.249999999999943,
          9.9000000000000039,
          0.079999999999871188
        ]
      }
    },
    {
      "occurrence_name": "0298100025-M1-00:10",
      "occurrence_path": "0298100025-M1-00:10",
      "file_name": "E:\\Phase 1\\Assembly 7\\0298100025-M1-00.ipt",
      "component_type": "kPartDocumentObject",
      "grounded": false,
      "suppressed": false,
      "visible": true,
      "transform": {
        "rotation_matrix": [
          [
            0.86602540378441362,
            -0.50000000000004208,
            -1.3007210543295211E-15
          ],
          [
            -0.50000000000004186,
            -0.86602540378441328,
            -8.0470648312489948E-16
          ],
          [
            -8.3270862843244012E-16,
            4.8076455078204921E-16,
            -0.99999999999999889
          ]
        ],
        "translation_cm": [
          -44.975000000000072,
          45.10000000000003,
          0.080000000000093
        ]
      }
    },
    {
      "occurrence_name": "0298100025-M1-00:11",
      "occurrence_path": "0298100025-M1-00:11",
      "file_name": "E:\\Phase 1\\Assembly 7\\0298100025-M1-00.ipt",
      "component_type": "kPartDocumentObject",
      "grounded": false,
      "suppressed": false,
      "visible": true,
      "transform": {
        "rotation_matrix": [
          [
            0.86602540378441362,
            -0.50000000000004208,
            -1.3007210543295211E-15
          ],
          [
            -0.50000000000004186,
            -0.86602540378441328,
            -8.0470648312489948E-16
          ],
          [
            -8.3270862843244012E-16,
            4.8076455078204921E-16,
            -0.99999999999999889
          ]
        ],
        "translation_cm": [
          15.02499999999992,
          45.100000000000037,
          0.079999999999985513
        ]
      }
    },
    {
      "occurrence_name": "0298100025-M1-00:12",
      "occurrence_path": "0298100025-M1-00:12",
      "file_name": "E:\\Phase 1\\Assembly 7\\0298100025-M1-00.ipt",
      "component_type": "kPartDocumentObject",
      "grounded": false,
      "suppressed": false,
      "visible": true,
      "transform": {
        "rotation_matrix": [
          [
            0.86602540378441362,
            -0.50000000000004208,
            -1.3007210543295211E-15
          ],
          [
            -0.50000000000004186,
            -0.86602540378441328,
            -8.0470648312489967E-16
          ],
          [
            -8.3270862843244012E-16,
            4.807645507820493E-16,
            -0.99999999999999889
          ]
        ],
        "translation_cm": [
          62.249999999999964,
          29.900000000000006,
          0.079999999999871188
        ]
      }
    },
    {
      "occurrence_name": "0298100025-M1-00:13",
      "occurrence_path": "0298100025-M1-00:13",
      "file_name": "E:\\Phase 1\\Assembly 7\\0298100025-M1-00.ipt",
      "component_type": "kPartDocumentObject",
      "grounded": false,
      "suppressed": false,
      "visible": true,
      "transform": {
        "rotation_matrix": [
          [
            0.86602540378441384,
            -0.5000000000000423,
            -1.3007210543295209E-15
          ],
          [
            -0.50000000000004208,
            -0.86602540378441351,
            -8.0470648312489987E-16
          ],
          [
            -8.3270862843244012E-16,
            4.807645507820494E-16,
            -0.99999999999999889
          ]
        ],
        "translation_cm": [
          15.024999999999933,
          -12.649999999999984,
          0.079999999999968874
        ]
      }
    },
    {
      "occurrence_name": "0298100025-M1-00:14",
      "occurrence_path": "0298100025-M1-00:14",
      "file_name": "E:\\Phase 1\\Assembly 7\\0298100025-M1-00.ipt",
      "component_type": "kPartDocumentObject",
      "grounded": false,
      "suppressed": false,
      "visible": true,
      "transform": {
        "rotation_matrix": [
          [
            0.866025403784444,
            0.49999999999999967,
            6.7289982256784E-16
          ],
          [
            0.5,
            -0.86602540378444393,
            -6.9610208941660386E-16
          ],
          [
            1.260929021291569E-16,
            7.2799770987170577E-17,
            -0.99999999999999889
          ]
        ],
        "translation_cm": [
          -44.97500000000008,
          -12.650000000000004,
          0.079999999999993368
        ]
      }
    },
    {
      "occurrence_name": "0298100025-M1-00:15",
      "occurrence_path": "0298100025-M1-00:15",
      "file_name": "E:\\Phase 1\\Assembly 7\\0298100025-M1-00.ipt",
      "component_type": "kPartDocumentObject",
      "grounded": false,
      "suppressed": false,
      "visible": true,
      "transform": {
        "rotation_matrix": [
          [
            -0.8660254037844175,
            0.50000000000003619,
            -1.8811208138539203E-15
          ],
          [
            0.5000000000000363,
            0.86602540378441739,
            6.1106039890840518E-16
          ],
          [
            1.8389136552895816E-15,
            -1.0616972938980234E-15,
            -0.99999999999999867
          ]
        ],
        "translation_cm": [
          -14.974999999999945,
          45.099999999999852,
          0.0800000000000317
        ]
      }
    },
    {
      "occurrence_name": "0298100025-M1-00:16",
      "occurrence_path": "0298100025-M1-00:16",
      "file_name": "E:\\Phase 1\\Assembly 7\\0298100025-M1-00.ipt",
      "component_type": "kPartDocumentObject",
      "grounded": false,
      "suppressed": false,
      "visible": true,
      "transform": {
        "rotation_matrix": [
          [
            -0.866025403784417,
            0.500000000000036,
            -1.8747031586743245E-15
          ],
          [
            0.500000000000036,
            0.86602540378441606,
            1.0305212525351905E-15
          ],
          [
            1.823031219323404E-15,
            -1.0525275652175625E-15,
            -0.99999999999999856
          ]
        ],
        "translation_cm": [
          -14.975000000000483,
          -12.64999999999927,
          0.080000000000031435
        ]
      }
    },
    {
      "occurrence_name": "1615223001-M2:5",
      "occurrence_path": "1615223001-M2:5",
      "file_name": "E:\\Phase 1\\Assembly 7\\1615223001-M2.ipt",
      "component_type": "kPartDocumentObject",
      "grounded": false,
      "suppressed": false,
      "visible": true,
      "transform": {
        "rotation_matrix": [
          [
            1.0,
            3.5480055795875152E-30,
            7.20778035565376E-44
          ],
          [
            -3.5480055795875152E-30,
            1.0,
            -1.7151244994429778E-15
          ],
          [
            7.20778035565376E-44,
            1.7151244994429778E-15,
            1.0
          ]
        ],
        "translation_cm": [
          -30.249999999999993,
          46.300000000000018,
          0.12500000000014019
        ]
      }
    },
    {
      "occurrence_name": "1615223001-M2:6",
      "occurrence_path": "1615223001-M2:6",
      "file_name": "E:\\Phase 1\\Assembly 7\\1615223001-M2.ipt",
      "component_type": "kPartDocumentObject",
      "grounded": false,
      "suppressed": false,
      "visible": true,
      "transform": {
        "rotation_matrix": [
          [
            1.0,
            3.5480055795875152E-30,
            7.20778035565376E-44
          ],
          [
            -3.5480055795875152E-30,
            1.0,
            -1.7151244994429778E-15
          ],
          [
            7.20778035565376E-44,
            1.7151244994429778E-15,
            1.0
          ]
        ],
        "translation_cm": [
          30.250000000000007,
          46.300000000000004,
          0.12500000000001804
        ]
      }
    },
    {
      "occurrence_name": "0298100025-M1-00:17",
      "occurrence_path": "0298100025-M1-00:17",
      "file_name": "E:\\Phase 1\\Assembly 7\\0298100025-M1-00.ipt",
      "component_type": "kPartDocumentObject",
      "grounded": false,
      "suppressed": false,
      "visible": true,
      "transform": {
        "rotation_matrix": [
          [
            -0.8660254037844185,
            0.50000000000003453,
            -1.536199177631084E-15
          ],
          [
            0.50000000000003431,
            0.866025403784418,
            1.0597163947031852E-15
          ],
          [
            1.7898444004338868E-15,
            -1.0333671463981459E-15,
            -0.99999999999999867
          ]
        ],
        "translation_cm": [
          45.024999999999984,
          45.09999999999993,
          0.07999999999990684
        ]
      }
    },
    {
      "occurrence_name": "0298100025-M1-00:18",
      "occurrence_path": "0298100025-M1-00:18",
      "file_name": "E:\\Phase 1\\Assembly 7\\0298100025-M1-00.ipt",
      "component_type": "kPartDocumentObject",
      "grounded": false,
      "suppressed": false,
      "visible": true,
      "transform": {
        "rotation_matrix": [
          [
            -0.86602540378441772,
            0.50000000000003408,
            -1.4307669792845692E-15
          ],
          [
            0.50000000000003419,
            0.86602540378441717,
            5.5045888524598249E-16
          ],
          [
            1.7166023431904873E-15,
            -9.9108082493266281E-16,
            -0.99999999999999878
          ]
        ],
        "translation_cm": [
          45.025000000000041,
          -12.649999999999965,
          0.07999999999991067
        ]
      }
    },
    {
      "occurrence_name": "1635882402-M1:1",
      "occurrence_path": "1635882402-M1:1",
      "file_name": "E:\\Phase 1\\Assembly 7\\1635882402-M1.ipt",
      "component_type": "kPartDocumentObject",
      "grounded": false,
      "suppressed": false,
      "visible": true,
      "transform": {
        "rotation_matrix": [
          [
            -1.5265566588595212E-16,
            2.0623065723900545E-15,
            -0.99999999999997735
          ],
          [
            -0.99999999999998568,
            -1.0057175451181845E-15,
            4.6490589156178028E-15
          ],
          [
            -1.2246063538223351E-16,
            0.99999999999997469,
            2.006942129207847E-15
          ]
        ],
        "translation_cm": [
          1.5073008687622154E-12,
          -11.52499999999865,
          0.12500000000000205
        ]
      }
    },
    {
      "occurrence_name": "1635882403-M1:1",
      "occurrence_path": "1635882403-M1:1",
      "file_name": "E:\\Phase 1\\Assembly 7\\1635882403-M1.ipt",
      "component_type": "kPartDocumentObject",
      "grounded": false,
      "suppressed": false,
      "visible": true,
      "transform": {
        "rotation_matrix": [
          [
            0.999999999999986,
            3.0278918153718746E-15,
            -7.75938767429899E-16
          ],
          [
            3.9425090872270107E-15,
            -9.7650450045103048E-17,
            -0.99999999999997691
          ],
          [
            -2.1682229136098482E-15,
            0.99999999999997469,
            2.8438617329493847E-30
          ]
        ],
        "translation_cm": [
          1.7499999999999629,
          19.975000000000666,
          0.12499999999999843
        ]
      }
    },
    {
      "occurrence_name": "0298100025-M1-00:19",
      "occurrence_path": "0298100025-M1-00:19",
      "file_name": "E:\\Phase 1\\Assembly 7\\0298100025-M1-00.ipt",
      "component_type": "kPartDocumentObject",
      "grounded": false,
      "suppressed": false,
      "visible": true,
      "transform": {
        "rotation_matrix": [
          [
            -0.86602540378446558,
            -0.49999999999996908,
            -2.7404049611326753E-15
          ],
          [
            -0.49999999999996947,
            0.86602540378446535,
            8.52362435540134E-16
          ],
          [
            1.6544454422016989E-15,
            9.55194521414609E-16,
            -0.99999999999999933
          ]
        ],
        "translation_cm": [
          -52.249999999999993,
          -37.674999999999976,
          0.080000000000099755
        ]
      }
    },
    {
      "occurrence_name": "0298100025-M1-00:21",
      "occurrence_path": "0298100025-M1-00:21",
      "file_name": "E:\\Phase 1\\Assembly 7\\0298100025-M1-00.ipt",
      "component_type": "kPartDocumentObject",
      "grounded": false,
      "suppressed": false,
      "visible": true,
      "transform": {
        "rotation_matrix": [
          [
            -0.86602540378446535,
            -0.499999999999969,
            -2.7404049611326749E-15
          ],
          [
            -0.49999999999996941,
            0.86602540378446513,
            8.523624355401347E-16
          ],
          [
            1.6544454422016983E-15,
            9.5519452141461E-16,
            -0.99999999999999933
          ]
        ],
        "translation_cm": [
          49.500000000000036,
          -37.675000000000011,
          0.0799999999998893
        ]
      }
    },
    {
      "occurrence_name": "0298100025-M1-00:20",
      "occurrence_path": "0298100025-M1-00:20",
      "file_name": "E:\\Phase 1\\Assembly 7\\0298100025-M1-00.ipt",
      "component_type": "kPartDocumentObject",
      "grounded": false,
      "suppressed": false,
      "visible": true,
      "transform": {
        "rotation_matrix": [
          [
            0.86602540378446358,
            0.49999999999996753,
            -2.8034662457015865E-15
          ],
          [
            0.49999999999996914,
            -0.8660254037844638,
            -4.6534357943167328E-16
          ],
          [
            -2.0894008424284107E-15,
            -1.2063161388209588E-15,
            -1.0
          ]
        ],
        "translation_cm": [
          -31.37499999999995,
          -44.449999999999974,
          0.0800000000000757
        ]
      }
    },
    {
      "occurrence_name": "0298100025-M1-00:24",
      "occurrence_path": "0298100025-M1-00:24",
      "file_name": "E:\\Phase 1\\Assembly 7\\0298100025-M1-00.ipt",
      "component_type": "kPartDocumentObject",
      "grounded": false,
      "suppressed": false,
      "visible": true,
      "transform": {
        "rotation_matrix": [
          [
            0.86602540378446347,
            0.49999999999996769,
            -2.8034662457015865E-15
          ],
          [
            0.4999999999999693,
            -0.86602540378446369,
            -4.6534357943167476E-16
          ],
          [
            -2.0894008424284111E-15,
            -1.2063161388209584E-15,
            -1.0
          ]
        ],
        "translation_cm": [
          -31.374999999999947,
          -30.899999999999956,
          0.0800000000000757
        ]
      }
    },
    {
      "occurrence_name": "0298100025-M1-00:25",
      "occurrence_path": "0298100025-M1-00:25",
      "file_name": "E:\\Phase 1\\Assembly 7\\0298100025-M1-00.ipt",
      "component_type": "kPartDocumentObject",
      "grounded": false,
      "suppressed": false,
      "visible": true,
      "transform": {
        "rotation_matrix": [
          [
            0.86602540378446347,
            0.49999999999996769,
            -2.8034662457015865E-15
          ],
          [
            0.4999999999999693,
            -0.86602540378446369,
            -4.6534357943167476E-16
          ],
          [
            -2.0894008424284111E-15,
            -1.2063161388209584E-15,
            -1.0
          ]
        ],
        "translation_cm": [
          -1.3749999999999361,
          -44.449999999999974,
          0.080000000000013644
        ]
      }
    },
    {
      "occurrence_name": "0298100025-M1-00:26",
      "occurrence_path": "0298100025-M1-00:26",
      "file_name": "E:\\Phase 1\\Assembly 7\\0298100025-M1-00.ipt",
      "component_type": "kPartDocumentObject",
      "grounded": false,
      "suppressed": false,
      "visible": true,
      "transform": {
        "rotation_matrix": [
          [
            0.86602540378446347,
            0.49999999999996769,
            -2.8034662457015865E-15
          ],
          [
            0.4999999999999693,
            -0.86602540378446369,
            -4.6534357943167476E-16
          ],
          [
            -2.0894008424284111E-15,
            -1.2063161388209584E-15,
            -1.0
          ]
        ],
        "translation_cm": [
          -1.3749999999999361,
          -30.899999999999963,
          0.080000000000013644
        ]
      }
    },
    {
      "occurrence_name": "0298100025-M1-00:27",
      "occurrence_path": "0298100025-M1-00:27",
      "file_name": "E:\\Phase 1\\Assembly 7\\0298100025-M1-00.ipt",
      "component_type": "kPartDocumentObject",
      "grounded": false,
      "suppressed": false,
      "visible": true,
      "transform": {
        "rotation_matrix": [
          [
            0.86602540378446347,
            0.49999999999996769,
            -2.8034662457015865E-15
          ],
          [
            0.4999999999999693,
            -0.86602540378446369,
            -4.6534357943167476E-16
          ],
          [
            -2.0894008424284111E-15,
            -1.2063161388209584E-15,
            -1.0
          ]
        ],
        "translation_cm": [
          28.625000000000071,
          -44.449999999999974,
          0.079999999999951568
        ]
      }
    },
    {
      "occurrence_name": "0298100025-M1-00:28",
      "occurrence_path": "0298100025-M1-00:28",
      "file_name": "E:\\Phase 1\\Assembly 7\\0298100025-M1-00.ipt",
      "component_type": "kPartDocumentObject",
      "grounded": false,
      "suppressed": false,
      "visible": true,
      "transform": {
        "rotation_matrix": [
          [
            0.86602540378446347,
            0.49999999999996769,
            -2.8034662457015865E-15
          ],
          [
            0.4999999999999693,
            -0.86602540378446369,
            -4.6534357943167476E-16
          ],
          [
            -2.0894008424284111E-15,
            -1.2063161388209584E-15,
            -1.0
          ]
        ],
        "translation_cm": [
          28.625000000000078,
          -30.899999999999967,
          0.079999999999951568
        ]
      }
    },
    {
      "occurrence_name": "0298100025-M1-00:29",
      "occurrence_path": "0298100025-M1-00:29",
      "file_name": "E:\\Phase 1\\Assembly 7\\0298100025-M1-00.ipt",
      "component_type": "kPartDocumentObject",
      "grounded": false,
      "suppressed": false,
      "visible": true,
      "transform": {
        "rotation_matrix": [
          [
            1.0,
            -4.9524103497363283E-14,
            1.4829639186510341E-31
          ],
          [
            4.9524103497363283E-14,
            1.0,
            -1.2246063538223536E-16
          ],
          [
            5.916456789152251E-30,
            1.2246063538223536E-16,
            1.0
          ]
        ],
        "translation_cm": [
          45.00000000000049,
          -9.5249999999984638,
          4.7949999999997939
        ]
      }
    },
    {
      "occurrence_name": "0298100025-M1-00:30",
      "occurrence_path": "0298100025-M1-00:30",
      "file_name": "E:\\Phase 1\\Assembly 7\\0298100025-M1-00.ipt",
      "component_type": "kPartDocumentObject",
      "grounded": false,
      "suppressed": false,
      "visible": true,
      "transform": {
        "rotation_matrix": [
          [
            1.0,
            -5.13004603367635E-14,
            -2.8600273526872289E-32
          ],
          [
            5.13004603367635E-14,
            1.0,
            -1.2246063538223536E-16
          ],
          [
            6.3108872417627653E-30,
            1.2246063538223536E-16,
            1.0
          ]
        ],
        "translation_cm": [
          15.000000000001169,
          -9.524999999998526,
          4.7949999999998534
        ]
      }
    },
    {
      "occurrence_name": "0298100025-M1-00:31",
      "occurrence_path": "0298100025-M1-00:31",
      "file_name": "E:\\Phase 1\\Assembly 7\\0298100025-M1-00.ipt",
      "component_type": "kPartDocumentObject",
      "grounded": false,
      "suppressed": false,
      "visible": true,
      "transform": {
        "rotation_matrix": [
          [
            1.0,
            -5.13004603367635E-14,
            -2.8600273526872289E-32
          ],
          [
            5.13004603367635E-14,
            1.0,
            -1.2246063538223536E-16
          ],
          [
            6.3108872417627653E-30,
            1.2246063538223536E-16,
            1.0
          ]
        ],
        "translation_cm": [
          -14.999999999998156,
          -9.5249999999987836,
          4.7949999999999138
        ]
      }
    },
    {
      "occurrence_name": "0298100025-M1-00:32",
      "occurrence_path": "0298100025-M1-00:32",
      "file_name": "E:\\Phase 1\\Assembly 7\\0298100025-M1-00.ipt",
      "component_type": "kPartDocumentObject",
      "grounded": false,
      "suppressed": false,
      "visible": true,
      "transform": {
        "rotation_matrix": [
          [
            1.0,
            -4.9524103497363283E-14,
            1.4829639186510341E-31
          ],
          [
            4.9524103497363283E-14,
            1.0,
            -1.2246063538223536E-16
          ],
          [
            5.916456789152251E-30,
            1.2246063538223536E-16,
            1.0
          ]
        ],
        "translation_cm": [
          -44.999999999997478,
          -9.5249999999989132,
          4.7949999999999742
        ]
      }
    }
  ],
  "constraints": [
    {
      "constraint_name": "Insert:3",
      "constraint_type": "kInsertConstraint",
      "suppressed": false,
      "occurrence_one": "1615223001-M2:1",
      "occurrence_two": "1635882401-M1:1",
      "offset_cm": null,
      "angle_rad": null,
      "entity_one": {
        "entity_type": "67120288",
        "proxy_context_occurrence": "1615223001-M2:1",
        "owner_document": "E:\\Phase 1\\Assembly 7\\1615223001-M2.ipt",
        "reference_key_string": "AQQBABAAAAAAAAAAAgAAAAQAAAAGAAAA",
        "context_key_string": "nsIrpNQR6AFgAC2z7in7sAQAAB5AAADIMgIotS/9IIFFAwBkBQABAADtN0PA0xEdDmAAALgylIewAAABAQAAsS28CdARH+wACNywOz6oCQIBAACyBAAAAFQAZQBzAHQAqKlpGRpB0YVEOvmNT9BouQD/////AAAAAAAABgBICM1Q4SAAYOo/XxjmxA==",
        "work_feature_name": null
      },
      "entity_two": {
        "entity_type": "67120288",
        "proxy_context_occurrence": "1635882401-M1:1",
        "owner_document": "E:\\Phase 1\\Assembly 7\\1635882401-M1.ipt",
        "reference_key_string": "AQQBABAAAAAAAAAAAgAAAAQAAAAGAAAA",
        "context_key_string": "nsIrpNQR6AFgAC2z7in7sAQAAB5AAADIMgIotS/9IIFFAwBkBQABAADtN0PA0xEdDmAAALgylIewAAABAQAAsS28CdARH+wACNywOz6oCQIBAACyBAAAAFQAZQBzAHQAcGjRMBtPKu2rW3+4gztRGgD/////AAAAAAAABgBICM1Q4SAAYOo/XxjmxA==",
        "work_feature_name": null
      }
    },
    {
      "constraint_name": "Flush:5",
      "constraint_type": "kFlushConstraint",
      "suppressed": false,
      "occurrence_one": "1635882401-M1:1",
      "occurrence_two": "0298100025-M1-00:2",
      "offset_cm": 0.0,
      "angle_rad": null,
      "entity_one": {
        "entity_type": "67119520",
        "proxy_context_occurrence": "1635882401-M1:1",
        "owner_document": "E:\\Phase 1\\Assembly 7\\1635882401-M1.ipt",
        "reference_key_string": "AQQZANAAAAAAAAAAAgAAAAEAAAADAAAABwAAAAYAAAAKAAAABgAAAA0AAAAGAAAAEAAAAAYAAAASAAAABgAAABMAAAAGAAAAGQAAAAYAAAAcAAAABgAAAB8AAAAGAAAAIgAAAAYAAAAkAAAABgAAACUAAAAGAAAAKwAAAAYAAAAuAAAABgAAADEAAAAGAAAANAAAAAYAAAA2AAAABgAAADcAAAAGAAAAPQAAAAYAAABAAAAABgAAAEMAAAAGAAAARgAAAAYAAABIAAAABgAAAEkAAAAGAAAA",
        "context_key_string": "nsIrpNQR6AFgAC2z7in7sAQAAB5AAADIMgIotS/9IIFFAwBkBQABAADtN0PA0xEdDmAAALgylIewAAABAQAAsS28CdARH+wACNywOz6oCQIBAACyBAAAAFQAZQBzAHQAmR9TRrpBPzHLMziCtb/l8AD/////AAAAAAAABgBICM1Q4SAAYOo/XxjmxA==",
        "work_feature_name": null
      },
      "entity_two": {
        "entity_type": "67119520",
        "proxy_context_occurrence": "0298100025-M1-00:2",
        "owner_document": "E:\\Phase 1\\Assembly 7\\0298100025-M1-00.ipt",
        "reference_key_string": "AQQIAEgAAAAAAAAAAgAAAAEAAAADAAAABAAAAAYAAAAIAAAABgAAAAsAAAAGAAAADgAAAAYAAAARAAAABgAAABQAAAAGAAAAFgAAAAYAAAA=",
        "context_key_string": "nsIrpNQR6AFgAC2z7in7sAQAAB5AAADIMgIotS/9IIFFAwBkBQABAADtN0PA0xEdDmAAALgylIewAAABAQAAsS28CdARH+wACNywOz6oCQIBAACyBAAAAFQAZQBzAHQA8kZ+JPxFL1VgVPW7hzIWUwD/////AAAAAAAABgBICM1Q4SAAYOo/XxjmxA==",
        "work_feature_name": null
      }
    },
    {
      "constraint_name": "Flush:6",
      "constraint_type": "kFlushConstraint",
      "suppressed": false,
      "occurrence_one": "0298100025-M1-00:1",
      "occurrence_two": "1635882401-M1:1",
      "offset_cm": 0.0,
      "angle_rad": null,
      "entity_one": {
        "entity_type": "67119520",
        "proxy_context_occurrence": "0298100025-M1-00:1",
        "owner_document": "E:\\Phase 1\\Assembly 7\\0298100025-M1-00.ipt",
        "reference_key_string": "AQQIAEgAAAAAAAAAAgAAAAEAAAADAAAABAAAAAYAAAAIAAAABgAAAAsAAAAGAAAADgAAAAYAAAARAAAABgAAABQAAAAGAAAAFgAAAAYAAAA=",
        "context_key_string": "nsIrpNQR6AFgAC2z7in7sAQAAB5AAADIMgIotS/9IIFFAwBkBQABAADtN0PA0xEdDmAAALgylIewAAABAQAAsS28CdARH+wACNywOz6oCQIBAACyBAAAAFQAZQBzAHQAprVBN41NpvuA8dqDTEPvkgD/////AAAAAAAABgBICM1Q4SAAYOo/XxjmxA==",
        "work_feature_name": null
      },
      "entity_two": {
        "entity_type": "67119520",
        "proxy_context_occurrence": "1635882401-M1:1",
        "owner_document": "E:\\Phase 1\\Assembly 7\\1635882401-M1.ipt",
        "reference_key_string": "AQQZANAAAAAAAAAAAgAAAAEAAAADAAAABwAAAAYAAAAKAAAABgAAAA0AAAAGAAAAEAAAAAYAAAASAAAABgAAABMAAAAGAAAAGQAAAAYAAAAcAAAABgAAAB8AAAAGAAAAIgAAAAYAAAAkAAAABgAAACUAAAAGAAAAKwAAAAYAAAAuAAAABgAAADEAAAAGAAAANAAAAAYAAAA2AAAABgAAADcAAAAGAAAAPQAAAAYAAABAAAAABgAAAEMAAAAGAAAARgAAAAYAAABIAAAABgAAAEkAAAAGAAAA",
        "context_key_string": "nsIrpNQR6AFgAC2z7in7sAQAAB5AAADIMgIotS/9IIFFAwBkBQABAADtN0PA0xEdDmAAALgylIewAAABAQAAsS28CdARH+wACNywOz6oCQIBAACyBAAAAFQAZQBzAHQAZtn/lItOeO6MEYOjcbbL+wD/////AAAAAAAABgBICM1Q4SAAYOo/XxjmxA==",
        "work_feature_name": null
      }
    },
    {
      "constraint_name": "Mate:3",
      "constraint_type": "kMateConstraint",
      "suppressed": false,
      "occurrence_one": "0298100025-M1-00:2",
      "occurrence_two": "1635882401-M1:1",
      "offset_cm": 0.0,
      "angle_rad": null,
      "entity_one": {
        "entity_type": "67119520",
        "proxy_context_occurrence": "0298100025-M1-00:2",
        "owner_document": "E:\\Phase 1\\Assembly 7\\0298100025-M1-00.ipt",
        "reference_key_string": "AQQGADgAAAAAAAAAAgAAAAEAAAADAAAABwAAAAYAAAAKAAAABgAAAA4AAAAGAAAAEQAAAAYAAAASAAAABgAAAA==",
        "context_key_string": "nsIrpNQR6AFgAC2z7in7sAQAAB5AAADIMgIotS/9IIFFAwBkBQABAADtN0PA0xEdDmAAALgylIewAAABAQAAsS28CdARH+wACNywOz6oCQIBAACyBAAAAFQAZQBzAHQA/F75GOFGCOXhfryQs8m4bQD/////AAAAAAAABgBICM1Q4SAAYOo/XxjmxA==",
        "work_feature_name": null
      },
      "entity_two": {
        "entity_type": "67119520",
        "proxy_context_occurrence": "1635882401-M1:1",
        "owner_document": "E:\\Phase 1\\Assembly 7\\1635882401-M1.ipt",
        "reference_key_string": "AQQFADAAAAAAAAAAAgAAAAEAAAADAAAABwAAAAYAAAAKAAAABgAAAAwAAAAGAAAADQAAAAYAAAA=",
        "context_key_string": "nsIrpNQR6AFgAC2z7in7sAQAAB5AAADIMgIotS/9IIFFAwBkBQABAADtN0PA0xEdDmAAALgylIewAAABAQAAsS28CdARH+wACNywOz6oCQIBAACyBAAAAFQAZQBzAHQAMW+wuYxDz9jeuvyAT8AutgD/////AAAAAAAABgBICM1Q4SAAYOo/XxjmxA==",
        "work_feature_name": null
      }
    },
    {
      "constraint_name": "Mate:4",
      "constraint_type": "kMateConstraint",
      "suppressed": false,
      "occurrence_one": "1635882401-M1:1",
      "occurrence_two": "0298100025-M1-00:2",
      "offset_cm": 0.0,
      "angle_rad": null,
      "entity_one": {
        "entity_type": "67119520",
        "proxy_context_occurrence": "1635882401-M1:1",
        "owner_document": "E:\\Phase 1\\Assembly 7\\1635882401-M1.ipt",
        "reference_key_string": "AQQFADAAAAAAAAAAAgAAAAEAAAADAAAABwAAAAYAAAAKAAAABgAAAAwAAAAGAAAADQAAAAYAAAA=",
        "context_key_string": "nsIrpNQR6AFgAC2z7in7sAQAAB5AAADIMgIotS/9IIFFAwBkBQABAADtN0PA0xEdDmAAALgylIewAAABAQAAsS28CdARH+wACNywOz6oCQIBAACyBAAAAFQAZQBzAHQAhR752sBCX4y+UsCTeYcBNgD/////AAAAAAAABgBICM1Q4SAAYOo/XxjmxA==",
        "work_feature_name": null
      },
      "entity_two": {
        "entity_type": "67119520",
        "proxy_context_occurrence": "0298100025-M1-00:2",
        "owner_document": "E:\\Phase 1\\Assembly 7\\0298100025-M1-00.ipt",
        "reference_key_string": "AQQGADgAAAAAAAAAAgAAAAEAAAADAAAABwAAAAYAAAAKAAAABgAAAA4AAAAGAAAAEQAAAAYAAAASAAAABgAAAA==",
        "context_key_string": "nsIrpNQR6AFgAC2z7in7sAQAAB5AAADIMgIotS/9IIFFAwBkBQABAADtN0PA0xEdDmAAALgylIewAAABAQAAsS28CdARH+wACNywOz6oCQIBAACyBAAAAFQAZQBzAHQAORPBt29H8h2j5yWUIkQjoAD/////AAAAAAAABgBICM1Q4SAAYOo/XxjmxA==",
        "work_feature_name": null
      }
    },
    {
      "constraint_name": "Mate:5",
      "constraint_type": "kMateConstraint",
      "suppressed": false,
      "occurrence_one": "0298100025-M1-00:1",
      "occurrence_two": "1635882401-M1:1",
      "offset_cm": 0.0,
      "angle_rad": null,
      "entity_one": {
        "entity_type": "67119520",
        "proxy_context_occurrence": "0298100025-M1-00:1",
        "owner_document": "E:\\Phase 1\\Assembly 7\\0298100025-M1-00.ipt",
        "reference_key_string": "AQQGADgAAAAAAAAAAgAAAAEAAAADAAAABwAAAAYAAAALAAAABgAAAA8AAAAGAAAAEQAAAAYAAAASAAAABgAAAA==",
        "context_key_string": "nsIrpNQR6AFgAC2z7in7sAQAAB5AAADIMgIotS/9IIFFAwBkBQABAADtN0PA0xEdDmAAALgylIewAAABAQAAsS28CdARH+wACNywOz6oCQIBAACyBAAAAFQAZQBzAHQAHAnLkcZNoUS6LrOW4MCQDQD/////AAAAAAAABgBICM1Q4SAAYOo/XxjmxA==",
        "work_feature_name": null
      },
      "entity_two": {
        "entity_type": "67119520",
        "proxy_context_occurrence": "1635882401-M1:1",
        "owner_document": "E:\\Phase 1\\Assembly 7\\1635882401-M1.ipt",
        "reference_key_string": "AQQFADAAAAAAAAAAAgAAAAEAAAADAAAABwAAAAYAAAAKAAAABgAAAAwAAAAGAAAADQAAAAYAAAA=",
        "context_key_string": "nsIrpNQR6AFgAC2z7in7sAQAAB5AAADIMgIotS/9IIFFAwBkBQABAADtN0PA0xEdDmAAALgylIewAAABAQAAsS28CdARH+wACNywOz6oCQIBAACyBAAAAFQAZQBzAHQAsESxALFPxznYXeyiu8VXYAD/////AAAAAAAABgBICM1Q4SAAYOo/XxjmxA==",
        "work_feature_name": null
      }
    },
    {
      "constraint_name": "Mate:6",
      "constraint_type": "kMateConstraint",
      "suppressed": false,
      "occurrence_one": "1635882401-M1:1",
      "occurrence_two": "0298100025-M1-00:1",
      "offset_cm": 0.0,
      "angle_rad": null,
      "entity_one": {
        "entity_type": "67119520",
        "proxy_context_occurrence": "1635882401-M1:1",
        "owner_document": "E:\\Phase 1\\Assembly 7\\1635882401-M1.ipt",
        "reference_key_string": "AQQFADAAAAAAAAAAAgAAAAEAAAADAAAABwAAAAYAAAAKAAAABgAAAAwAAAAGAAAADQAAAAYAAAA=",
        "context_key_string": "nsIrpNQR6AFgAC2z7in7sAQAAB5AAADIMgIotS/9IIFFAwBkBQABAADtN0PA0xEdDmAAALgylIewAAABAQAAsS28CdARH+wACNywOz6oCQIBAACyBAAAAFQAZQBzAHQAIG9/SW1BKNE586+cpdf8KwD/////AAAAAAAABgBICM1Q4SAAYOo/XxjmxA==",
        "work_feature_name": null
      },
      "entity_two": {
        "entity_type": "67119520",
