{
  "assembly_metadata": {
    "assembly_name": "1650612700-M1.iam",
    "full_file_name": "E:\\Phase 1\\Assembly 5\\1650612700-M1.iam",
    "internal_name": "{DA4471EC-42A1-9B4A-2295-77BD8B9D54CE}",
    "total_occurrences": 78,
    "total_constraints": 177
  },
  "components": [
    {
      "occurrence_name": "1650612700-M1:1",
      "occurrence_path": "1650612700-M1:1",
      "file_name": "E:\\Phase 1\\Assembly 5\\1650612700-M1.ipt",
      "component_type": "kPartDocumentObject",
      "grounded": true,
      "suppressed": false,
      "visible": true,
      "transform": {
        "rotation_matrix": [
          [
            -5.844710556387668e-29,
            -1.000000000000001,
            6.47740083085349e-17
          ],
          [
            0.9999999999999997,
            2.498001805406033e-16,
            -3.2737156619192194e-16
          ],
          [
            4.1426232262133093e-16,
            -1.0063402429972295e-15,
            1.0
          ]
        ],
        "translation_cm": [
          -2.49999999999826,
          -4.2667049929808623e-17,
          -0.3000000000000028
        ]
      },
      "sub_components": []
    },
    {
      "occurrence_name": "1650612700-M2:1",
      "occurrence_path": "1650612700-M2:1",
      "file_name": "E:\\Phase 1\\Assembly 5\\1650612700-M2.ipt",
      "component_type": "kPartDocumentObject",
      "grounded": false,
      "suppressed": false,
      "visible": true,
      "transform": {
        "rotation_matrix": [
          [
            -1.0000000000000022,
            5.910056361441196e-29,
            -9.981299989444062e-16
          ],
          [
            4.718447854656371e-16,
            -0.9999999999999998,
            -5.592481446921745e-16
          ],
          [
            -1.006340242997229e-15,
            -5.31068736961367e-16,
            1.0000000000000018
          ]
        ],
        "translation_cm": [
          -32.79999999999831,
          261.30000000000064,
          -13.004999999999985
        ]
      },
      "sub_components": []
    },
    {
      "occurrence_name": "1650612700-M2:2",
      "occurrence_path": "1650612700-M2:2",
      "file_name": "E:\\Phase 1\\Assembly 5\\1650612700-M2.ipt",
      "component_type": "kPartDocumentObject",
      "grounded": false,
      "suppressed": false,
      "visible": true,
      "transform": {
        "rotation_matrix": [
          [
            -1.0000000000000022,
            2.2204460492509294e-16,
            -9.98129998944406e-16
          ],
          [
            2.4980018054060367e-16,
            -0.9999999999999998,
            -5.592481446921815e-16
          ],
          [
            -1.006340242997229e-15,
            -5.310687369613633e-16,
            1.0000000000000018
          ]
        ],
        "translation_cm": [
          -90.79999999999845,
          261.2999999999998,
          -13.000000000000043
        ]
      },
      "sub_components": []
    },
    {
      "occurrence_name": "1631079903-M1:2",
      "occurrence_path": "1631079903-M1:2",
      "file_name": "E:\\Phase 1\\Assembly 5\\1631079903-M1.ipt",
      "component_type": "kPartDocumentObject",
      "grounded": false,
      "suppressed": false,
      "visible": true,
      "transform": {
        "rotation_matrix": [
          [
            5.859849364367978e-29,
            4.5882472318577654e-30,
            1.0000000000000007
          ],
          [
            -1.0000000000000007,
            -3.061515884555921e-16,
            5.859849364367978e-29
          ],
          [
            3.06151588455591e-16,
            -1.0,
            -1.635181841880594e-32
          ]
        ],
        "translation_cm": [
          -108.19999999999834,
          64.00000000000004,
          -0.3000000000000026
        ]
      },
      "sub_components": []
    },
    {
      "occurrence_name": "1631079903-M1:3",
      "occurrence_path": "1631079903-M1:3",
      "file_name": "E:\\Phase 1\\Assembly 5\\1631079903-M1.ipt",
      "component_type": "kPartDocumentObject",
      "grounded": false,
      "suppressed": false,
      "visible": true,
      "transform": {
        "rotation_matrix": [
          [
            1.4400970970662372e-31,
            -6.477400830853584e-17,
            1.0000000000000007
          ],
          [
            -1.0000000000000007,
            -3.061515884555937e-16,
            1.241790441723283e-31
          ],
          [
            3.0615158845559264e-16,
            -1.0,
            -6.477400830853649e-17
          ]
        ],
        "translation_cm": [
          -108.1999999999984,
          26.500000000000018,
          -0.29999999999999577
        ]
      },
      "sub_components": []
    },
    {
      "occurrence_name": "1631079903-M1:4",
      "occurrence_path": "1631079903-M1:4",
      "file_name": "E:\\Phase 1\\Assembly 5\\1631079903-M1.ipt",
      "component_type": "kPartDocumentObject",
      "grounded": false,
      "suppressed": false,
      "visible": true,
      "transform": {
        "rotation_matrix": [
          [
            1.121460485331335e-16,
            4.6225809227551845e-30,
            1.0000000000000007
          ],
          [
            -1.0000000000000007,
            -3.061515884555936e-16,
            1.121460485331335e-16
          ],
          [
            3.0615158845559254e-16,
            -1.0,
            -1.635181841880565e-32
          ]
        ],
        "translation_cm": [
          -108.19999999999841,
          87.00000000000004,
          -0.3000000000000026
        ]
      },
      "sub_components": []
    },
    {
      "occurrence_name": "1631079904-M1:1",
      "occurrence_path": "1631079904-M1:1",
      "file_name": "E:\\Phase 1\\Assembly 5\\1631079904-M1.ipt",
      "component_type": "kPartDocumentObject",
      "grounded": false,
      "suppressed": false,
      "visible": true,
      "transform": {
        "rotation_matrix": [
          [
            0.9999999999999998,
            6.11490025281844e-17,
            -5.1023279591452835e-17
          ],
          [
            -1.0653443082271088e-16,
            -2.4207037706555768e-30,
            -0.9999999999999999
          ],
          [
            -6.114900252817703e-17,
            1.0,
            -3.254051234036673e-30
          ]
        ],
        "translation_cm": [
          -105.9999999999985,
          182.35000000000005,
          -2.5535129566378312e-15
        ]
      },
      "sub_components": []
    },
    {
      "occurrence_name": "1631079905-M1:1",
      "occurrence_path": "1631079905-M1:1",
      "file_name": "E:\\Phase 1\\Assembly 5\\1631079905-M1.ipt",
      "component_type": "kPartDocumentObject",
      "grounded": false,
      "suppressed": false,
      "visible": true,
      "transform": {
        "rotation_matrix": [
          [
            0.9999999999999992,
            6.11490025281847e-17,
            -5.10232795914528e-17
          ],
          [
            -1.0653443082271162e-16,
            -2.519311383808202e-30,
            -0.9999999999999993
          ],
          [
            -6.114900252817581e-17,
            1.0,
            -3.2540512340366716e-30
          ]
        ],
        "translation_cm": [
          -105.99999999999842,
          138.20000000000002,
          -2.5535129566374104e-15
        ]
      },
      "sub_components": []
    },
    {
      "occurrence_name": "0129327055-M2:1",
      "occurrence_path": "0129327055-M2:1",
      "file_name": "E:\\Phase 1\\Assembly 5\\0129327055-M2.ipt",
      "component_type": "kPartDocumentObject",
      "grounded": false,
      "suppressed": false,
      "visible": true,
      "transform": {
        "rotation_matrix": [
          [
            0.15778802071645895,
            -9.304529087733345e-16,
            -0.9874730074885003
          ],
          [
            -0.9874730074884983,
            -4.7179426874739325e-16,
            -0.15778802071645878
          ],
          [
            1.0992935255215472e-16,
            1.0000000000000009,
            -1.026613217371551e-15
          ]
        ],
        "translation_cm": [
          -104.9999999999983,
          62.949999999999996,
          0.1499999999998922
        ]
      },
      "sub_components": []
    },
    {
      "occurrence_name": "0298100091-M2:1",
      "occurrence_path": "0298100091-M2:1",
      "file_name": "E:\\Phase 1\\Assembly 5\\0298100091-M2.ipt",
      "component_type": "kPartDocumentObject",
      "grounded": false,
      "suppressed": false,
      "visible": true,
      "transform": {
        "rotation_matrix": [
          [
            1.0000000000000056,
            -8.160139230994934e-15,
            8.53748864094571e-16
          ],
          [
            -8.382183835919967e-15,
            -1.0000000000000053,
            5.1244771167826775e-17
          ],
          [
            9.03768194887798e-16,
            -1.0674274123771959e-29,
            -1.0000000000000007
          ]
        ],
        "translation_cm": [
          -49.014399999997934,
          118.63975299461644,
          -0.09700000000004472
        ]
      },
      "sub_components": []
    },
    {
      "occurrence_name": "0298100091-M2:2",
      "occurrence_path": "0298100091-M2:2",
      "file_name": "E:\\Phase 1\\Assembly 5\\0298100091-M2.ipt",
      "component_type": "kPartDocumentObject",
      "grounded": false,
      "suppressed": false,
      "visible": true,
      "transform": {
        "rotation_matrix": [
          [
            1.0000000000000024,
            4.1633363423443377e-14,
            8.91263362189469e-16
          ],
          [
            4.102274075989954e-14,
            -1.0000000000000024,
            3.050973997536883e-30
          ],
          [
            8.912633621894659e-16,
            3.3852240229997295e-29,
            -1.0000000000000013
          ]
        ],
        "translation_cm": [
          -30.814399999997455,
          118.6397529946167,
          -0.09700000000002791
        ]
      },
      "sub_components": []
    },
    {
      "occurrence_name": "0298100091-M2:5",
      "occurrence_path": "0298100091-M2:5",
      "file_name": "E:\\Phase 1\\Assembly 5\\0298100091-M2.ipt",
      "component_type": "kPartDocumentObject",
      "grounded": false,
      "suppressed": false,
      "visible": true,
      "transform": {
        "rotation_matrix": [
          [
            -0.9999999999999978,
            3.4139358007223425e-14,
            -3.1138988978924344e-15
          ],
          [
            3.580469254416117e-14,
            0.9999999999999969,
            8.562471326698357e-16
          ],
          [
            3.9928459477090045e-15,
            -1.3304369446399263e-28,
            -0.9999999999999999
          ]
        ],
        "translation_cm": [
          -62.06999999999861,
          77.79775299461637,
          -0.09699999999976472
        ]
      },
      "sub_components": []
    },
    {
      "occurrence_name": "0298100091-M2:6",
      "occurrence_path": "0298100091-M2:6",
      "file_name": "E:\\Phase 1\\Assembly 5\\0298100091-M2.ipt",
      "component_type": "kPartDocumentObject",
      "grounded": false,
      "suppressed": false,
      "visible": true,
      "transform": {
        "rotation_matrix": [
          [
            -0.9999999999999999,
            -1.2823075934420566e-14,
            1.731386514980949e-15
          ],
          [
            -1.387778780781445e-14,
            1.000000000000001,
            7.294885911983137e-17
          ],
          [
            -1.7533682277438273e-15,
            -1.9321668738473662e-29,
            -0.9999999999999997
          ]
        ],
        "translation_cm": [
          -62.070000000000384,
          66.79775299461507,
          -0.097000000000107
        ]
      },
      "sub_components": []
    },
    {
      "occurrence_name": "0298100115-M1:1",
      "occurrence_path": "0298100115-M1:1",
      "file_name": "E:\\Phase 1\\Assembly 5\\0298100115-M1.ipt",
      "component_type": "kPartDocumentObject",
      "grounded": false,
      "suppressed": false,
      "visible": true,
      "transform": {
        "rotation_matrix": [
          [
            -0.9999999999999996,
            -4.252827418927831e-16,
            -1.7610954252451588e-15
          ],
          [
            4.252827418927831e-16,
            -0.9999999999999996,
            -6.687514702643003e-31
          ],
          [
            -1.7610954252451592e-15,
            -4.041640736657288e-30,
            1.0
          ]
        ],
        "translation_cm": [
          -95.79999999999686,
          58.359738560230085,
          -0.09700000000016686
        ]
      },
      "sub_components": []
    },
    {
      "occurrence_name": "0298100115-M1:2",
      "occurrence_path": "0298100115-M1:2",
      "file_name": "E:\\Phase 1\\Assembly 5\\0298100115-M1.ipt",
      "component_type": "kPartDocumentObject",
      "grounded": false,
      "suppressed": false,
      "visible": true,
      "transform": {
        "rotation_matrix": [
          [
            0.4999999999999341,
            0.8660254037844768,
            -1.0063402429972406e-15
          ],
          [
            -0.8660254037844768,
            0.4999999999999341,
            -1.7185535220766927e-30
          ],
          [
            5.031701214985535e-16,
            8.715162152862592e-16,
            1.0
          ]
        ],
        "translation_cm": [
          -63.999999999997335,
          39.99999999999996,
          -0.09700000000006444
        ]
      },
      "sub_components": []
    },
    {
      "occurrence_name": "0298100115-M1:3",
      "occurrence_path": "0298100115-M1:3",
      "file_name": "E:\\Phase 1\\Assembly 5\\0298100115-M1.ipt",
      "component_type": "kPartDocumentObject",
      "grounded": false,
      "suppressed": false,
      "visible": true,
      "transform": {
        "rotation_matrix": [
          [
            -0.5000000000000173,
            -0.866025403784429,
            -1.7610954252451403e-15
          ],
          [
            0.866025403784429,
            -0.5000000000000173,
            -2.477198592852076e-30
          ],
          [
            -8.8054771262260545e-16,
            -1.525153376750848e-15,
            1.0
          ]
        ],
        "translation_cm": [
          -95.7999999999974,
          21.640261439768224,
          -0.09700000000016686
        ]
      },
      "sub_components": []
    },
    {
      "occurrence_name": "0298100091-M2:7",
      "occurrence_path": "0298100091-M2:7",
      "file_name": "E:\\Phase 1\\Assembly 5\\0298100091-M2.ipt",
      "component_type": "kPartDocumentObject",
      "grounded": false,
      "suppressed": false,
      "visible": true,
      "transform": {
        "rotation_matrix": [
          [
            0.5000000000000294,
            0.8660254037844238,
            1.3039685654700211e-15
          ],
          [
            0.8660254037844238,
            -0.5000000000000294,
            -1.4802617117208723e-30
          ],
          [
            6.5198428273504615e-16,
            1.129269903433359e-15,
            -1.0
          ]
        ],
        "translation_cm": [
          -10.069999999998608,
          66.79775299461608,
          -0.09700000000001242
        ]
      },
      "sub_components": []
    },
    {
      "occurrence_name": "0298100091-M2:8",
      "occurrence_path": "0298100091-M2:8",
      "file_name": "E:\\Phase 1\\Assembly 5\\0298100091-M2.ipt",
      "component_type": "kPartDocumentObject",
      "grounded": false,
      "suppressed": false,
      "visible": true,
      "transform": {
        "rotation_matrix": [
          [
            -0.500000000000014,
            0.8660254037844316,
            4.110835980517178e-16
          ],
          [
            0.8660254037844316,
            0.500000000000014,
            5.491530276924301e-31
          ],
          [
            -2.0554179902586284e-16,
            3.5600883899189947e-16,
            -1.0
          ]
        ],
        "translation_cm": [
          -10.079999999998327,
          77.81507350269237,
          -0.09700000000000568
        ]
      },
      "sub_components": []
    },
    {
      "occurrence_name": "0298100091-M2:9",
      "occurrence_path": "0298100091-M2:9",
      "file_name": "E:\\Phase 1\\Assembly 5\\0298100091-M2.ipt",
      "component_type": "kPartDocumentObject",
      "grounded": false,
      "suppressed": false,
      "visible": true,
      "transform": {
        "rotation_matrix": [
          [
            0.49999999999999917,
            0.8660254037844376,
            -4.738704294849968e-15
          ],
          [
            0.866025403784438,
            -0.5000000000000001,
            -6.226310965965969e-17
          ],
          [
            -2.1110080000657598e-15,
            -3.656373111298269e-15,
            -0.9999999999999996
          ]
        ],
        "translation_cm": [
          -36.0799999999983,
          71.32662050807613,
          -0.09699999999986077
        ]
      },
      "sub_components": []
    },
    {
      "occurrence_name": "1631079903-M1:5",
      "occurrence_path": "1631079903-M1:5",
      "file_name": "E:\\Phase 1\\Assembly 5\\1631079903-M1.ipt",
      "component_type": "kPartDocumentObject",
      "grounded": false,
      "suppressed": false,
      "visible": true,
      "transform": {
        "rotation_matrix": [
          [
            1.121460485331335e-16,
            4.6225809227551845e-30,
            1.0000000000000007
          ],
          [
            -1.0000000000000007,
            -3.061515884555921e-16,
            1.121460485331335e-16
          ],
          [
            3.06151588455591e-16,
            -1.0,
            -1.6351818418805518e-32
          ]
        ],
        "translation_cm": [
          -108.19999999999841,
          114.00000000000003,
          -0.3000000000000026
        ]
      },
      "sub_components": []
    },
    {
      "occurrence_name": "0298100091-M2:10",
      "occurrence_path": "0298100091-M2:10",
      "file_name": "E:\\Phase 1\\Assembly 5\\0298100091-M2.ipt",
      "component_type": "kPartDocumentObject",
      "grounded": false,
      "suppressed": false,
      "visible": true,
      "transform": {
        "rotation_matrix": [
          [
            -0.5000000000000046,
            -0.8660254037844362,
            2.5894934118675513e-15
          ],
          [
            -0.8660254037844356,
            0.5000000000000049,
            -5.605347977621888e-17
          ],
          [
            -1.0040589860037632e-15,
            -1.7390811775545797e-15,
            -1.0000000000000004
          ]
        ],
        "translation_cm": [
          -39.90999999999759,
          129.99422649730764,
          -0.09700000000007775
        ]
      },
      "sub_components": []
    },
    {
      "occurrence_name": "1079992372-M1:1",
      "occurrence_path": "1079992372-M1:1",
      "file_name": "E:\\Phase 1\\Assembly 5\\1079992372-M1.ipt",
      "component_type": "kPartDocumentObject",
      "grounded": false,
      "suppressed": false,
      "visible": true,
      "transform": {
        "rotation_matrix": [
          [
            -5.102327959145331e-17,
            0.9999999999999923,
            -2.140365912464532e-15
          ],
          [
            -0.9999999999999951,
            -3.1457699607340704e-15,
            -5.561738933720881e-16
          ],
          [
            -3.2754471028931184e-30,
            1.0055453462479424e-15,
            0.9999999999999993
          ]
        ],
        "translation_cm": [
          -98.59999999999847,
          17.70000000000022,
          -9.91864207310661e-14
        ]
      },
      "sub_components": []
    },
    {
      "occurrence_name": "0129327055-M2:2",
      "occurrence_path": "0129327055-M2:2",
      "file_name": "E:\\Phase 1\\Assembly 5\\0129327055-M2.ipt",
      "component_type": "kPartDocumentObject",
      "grounded": false,
      "suppressed": false,
      "visible": true,
      "transform": {
        "rotation_matrix": [
          [
            0.8704021540499889,
            1.3452796674864611e-16,
            -0.49234143663228214
          ],
          [
            -0.49234143663228186,
            1.7661875583224855e-16,
            -0.8704021540499894
          ],
          [
            -7.865106637358327e-17,
            1.0000000000000002,
            1.387998688182488e-17
          ]
        ],
        "translation_cm": [
          -104.9999999999985,
          144.29999999999998,
          0.14999999999999744
        ]
      },
      "sub_components": []
    },
    {
      "occurrence_name": "0129327055-M2:3",
      "occurrence_path": "0129327055-M2:3",
      "file_name": "E:\\Phase 1\\Assembly 5\\0129327055-M2.ipt",
      "component_type": "kPartDocumentObject",
      "grounded": false,
      "suppressed": false,
      "visible": true,
      "transform": {
        "rotation_matrix": [
          [
            -0.9250808226309001,
            -1.1023890463266617e-16,
            0.3797702879380285
          ],
          [
            0.3797702879380283,
            -2.2196678033960984e-16,
            0.9250808226309009
          ],
          [
            -6.560006968043752e-17,
            1.0000000000000013,
            -3.6950525091404344e-19
          ]
        ],
        "translation_cm": [
          -104.99999999999852,
          179.9,
          0.14999999999999744
        ]
      },
      "sub_components": []
    },
    {
      "occurrence_name": "0129327055-M2:4",
      "occurrence_path": "0129327055-M2:4",
      "file_name": "E:\\Phase 1\\Assembly 5\\0129327055-M2.ipt",
      "component_type": "kPartDocumentObject",
      "grounded": false,
      "suppressed": false,
      "visible": true,
      "transform": {
        "rotation_matrix": [
          [
            -0.2371034932168501,
            1.6653345369377348e-15,
            0.9714843969433427
          ],
          [
            0.9714843969433411,
            -7.0539495208877145e-16,
            0.23710349321685373
          ],
          [
            -1.8952502878499796e-17,
            0.9999999999999976,
            -1.4406261301961377e-16
          ]
        ],
        "translation_cm": [
          -104.9999999999985,
          162.1,
          0.1499999999999975
        ]
      },
      "sub_components": []
    },
    {
      "occurrence_name": "0129327055-M2:5",
      "occurrence_path": "0129327055-M2:5",
      "file_name": "E:\\Phase 1\\Assembly 5\\0129327055-M2.ipt",
      "component_type": "kPartDocumentObject",
      "grounded": false,
      "suppressed": false,
      "visible": true,
      "transform": {
        "rotation_matrix": [
          [
            -0.6739037636174849,
            -5.551115123125763e-17,
            0.7388191371250423
          ],
          [
            0.7388191371250387,
            3.6246945034973404e-16,
            0.6739037636174883
          ],
          [
            8.173958456805544e-17,
            1.000000000000002,
            -1.4893876431843205e-16
          ]
        ],
        "translation_cm": [
          -104.9999999999984,
          115.64999999999989,
          0.1499999999999975
        ]
      },
      "sub_components": []
    },
    {
      "occurrence_name": "0129327055-M2:6",
      "occurrence_path": "0129327055-M2:6",
      "file_name": "E:\\Phase 1\\Assembly 5\\0129327055-M2.ipt",
      "component_type": "kPartDocumentObject",
      "grounded": false,
      "suppressed": false,
      "visible": true,
      "transform": {
        "rotation_matrix": [
          [
            0.2588910718681119,
            -1.7763568394002505e-15,
            0.9659065238971031
          ],
          [
            0.9659065238971003,
            1.1983377066951316e-15,
            -0.25889107186811366
          ],
          [
            -3.338453124714509e-17,
            1.0000000000000009,
            7.733614844951417e-17
          ]
        ],
        "translation_cm": [
          -104.99999999999842,
          75.65,
          0.1499999999999975
        ]
      },
      "sub_components": []
    },
    {
      "occurrence_name": "0129327055-M2:7",
      "occurrence_path": "0129327055-M2:7",
      "file_name": "E:\\Phase 1\\Assembly 5\\0129327055-M2.ipt",
      "component_type": "kPartDocumentObject",
      "grounded": false,
      "suppressed": false,
      "visible": true,
      "transform": {
        "rotation_matrix": [
          [
            0.044240070750876694,
            -4.689374046633913e-16,
            -0.9990209287797525
          ],
          [
            -0.9990209287797515,
            6.102106600592747e-16,
            -0.04424007075087682
          ],
          [
            -8.329216921624137e-18,
            0.9999999999999994,
            -1.0338778307878795e-15
          ]
        ],
        "translation_cm": [
          -104.99999999999835,
          35.399999999999984,
          0.14999999999989214
        ]
      },
      "sub_components": []
    },
    {
      "occurrence_name": "0129327055-M2:8",
      "occurrence_path": "0129327055-M2:8",
      "file_name": "E:\\Phase 1\\Assembly 5\\0129327055-M2.ipt",
      "component_type": "kPartDocumentObject",
      "grounded": false,
      "suppressed": false,
      "visible": true,
      "transform": {
        "rotation_matrix": [
          [
            0.12620336771925145,
            -7.807316933346012e-16,
            0.9920043900993184
          ],
          [
            0.9920043900993175,
            -4.71282281403806e-16,
            -0.12620336771925117
          ],
          [
            7.304375779796742e-17,
            0.9999999999999999,
            9.994973671510739e-16
          ]
        ],
        "translation_cm": [
          -104.99999999999844,
          7.849999999999971,
          0.14999999999989214
        ]
      },
      "sub_components": []
    },
    {
      "occurrence_name": "0298100114-M1:1",
      "occurrence_path": "0298100114-M1:1",
      "file_name": "E:\\Phase 1\\Assembly 5\\0298100114-M1.ipt",
      "component_type": "kPartDocumentObject",
      "grounded": false,
      "suppressed": false,
      "visible": true,
      "transform": {
        "rotation_matrix": [
          [
            1.0000000000000002,
            -8.093525849517391e-14,
            1.3213420162451948e-29
          ],
          [
            8.093525849517391e-14,
            1.0000000000000002,
            -4.291481396963584e-30
          ],
          [
            1.321342016245881e-29,
            3.305405265436282e-30,
            1.0
          ]
        ],
        "translation_cm": [
          -99.49999999999848,
          3.000000000000011,
          -0.09700000000000256
        ]
      },
      "sub_components": []
    },
    {
      "occurrence_name": "0298100114-M1:2",
      "occurrence_path": "0298100114-M1:2",
      "file_name": "E:\\Phase 1\\Assembly 5\\0298100114-M1.ipt",
      "component_type": "kPartDocumentObject",
      "grounded": false,
      "suppressed": false,
      "visible": true,
      "transform": {
        "rotation_matrix": [
          [
            0.9999999999999967,
            -3.885780586188036e-15,
            -2.95822839457879e-30
          ],
          [
            3.885780586188036e-15,
            0.9999999999999967,
            -3.3547090720136635e-30
          ],
          [
            -2.7610131682735084e-30,
            3.2561014588610384e-30,
            1.0
          ]
        ],
        "translation_cm": [
          -11.499999999998275,
          2.999999999999973,
          -0.09700000000000256
        ]
      },
      "sub_components": []
    },
    {
      "occurrence_name": "0298100114-M1:3",
      "occurrence_path": "0298100114-M1:3",
      "file_name": "E:\\Phase 1\\Assembly 5\\0298100114-M1.ipt",
      "component_type": "kPartDocumentObject",
      "grounded": false,
      "suppressed": false,
      "visible": true,
      "transform": {
        "rotation_matrix": [
          [
            0.8660254037844634,
            0.4999999999999616,
            -1.3482402771099915e-16
          ],
          [
            -0.4999999999999616,
            0.8660254037844634,
            8.792116964008941e-31
          ],
          [
            1.16761033038258e-16,
            6.741201385549369e-17,
            1.0
          ]
        ],
        "translation_cm": [
          -103.90499999999852,
          67.8028867513459,
          -0.09700000000001625
        ]
      },
      "sub_components": []
    },
    {
      "occurrence_name": "0298100114-M1:4",
      "occurrence_path": "0298100114-M1:4",
      "file_name": "E:\\Phase 1\\Assembly 5\\0298100114-M1.ipt",
      "component_type": "kPartDocumentObject",
      "grounded": false,
      "suppressed": false,
      "visible": true,
      "transform": {
        "rotation_matrix": [
          [
            0.8660254037844631,
            0.49999999999996164,
            -1.3482402771099912e-16
          ],
          [
            -0.49999999999996164,
            0.8660254037844631,
            1.0745384330533547e-30
          ],
          [
            1.167610330382583e-16,
            6.741201385549387e-17,
            1.0
          ]
        ],
        "translation_cm": [
          -103.90499999999852,
          71.30288675134587,
          -0.09700000000001621
        ]
      },
      "sub_components": []
    },
    {
      "occurrence_name": "0298100114-M1:5",
      "occurrence_path": "0298100114-M1:5",
      "file_name": "E:\\Phase 1\\Assembly 5\\0298100114-M1.ipt",
      "component_type": "kPartDocumentObject",
      "grounded": false,
      "suppressed": false,
      "visible": true,
      "transform": {
        "rotation_matrix": [
          [
            0.9999999999999996,
            -2.0317081350640355e-14,
            1.1832913578315167e-30
          ],
          [
            2.0317081350640355e-14,
            0.9999999999999996,
            -2.2700253273347726e-30
          ],
          [
            7.888609052214954e-31,
            3.25610145886102e-30,
            1.0
          ]
        ],
        "translation_cm": [
          -94.53999999999839,
          95.85000000000004,
          -0.09700000000000256
        ]
      },
      "sub_components": []
    },
    {
      "occurrence_name": "0298100114-M1:6",
      "occurrence_path": "0298100114-M1:6",
      "file_name": "E:\\Phase 1\\Assembly 5\\0298100114-M1.ipt",
      "component_type": "kPartDocumentObject",
      "grounded": false,
      "suppressed": false,
      "visible": true,
      "transform": {
        "rotation_matrix": [
          [
            1.0000000000000147,
            -3.6692870963861834e-14,
            1.301620493614679e-29
          ],
          [
            3.6692870963861834e-14,
            1.0000000000000147,
            -3.206797652284778e-30
          ],
          [
            3.5498740734960315e-30,
            3.2067976522846404e-30,
            1.0
          ]
        ],
        "translation_cm": [
          -78.03999999999836,
          104.35000000000007,
          -0.09700000000000256
        ]
      },
      "sub_components": []
    },
    {
      "occurrence_name": "0298100114-M1:7",
      "occurrence_path": "0298100114-M1:7",
      "file_name": "E:\\Phase 1\\Assembly 5\\0298100114-M1.ipt",
      "component_type": "kPartDocumentObject",
      "grounded": false,
      "suppressed": false,
      "visible": true,
      "transform": {
        "rotation_matrix": [
          [
            1.0000000000000007,
            -1.4765966227514588e-14,
            5.91645678915759e-31
          ],
          [
            1.4765966227514588e-14,
            1.0000000000000007,
            -9.388225497742763e-31
          ],
          [
            5.9164567891602755e-31,
            3.354709072013658e-30,
            1.0
          ]
        ],
        "translation_cm": [
          -94.53999999999833,
          136.85000000000002,
          -0.09700000000000256
        ]
      },
      "sub_components": []
    },
    {
      "occurrence_name": "0298100114-M1:8",
      "occurrence_path": "0298100114-M1:8",
      "file_name": "E:\\Phase 1\\Assembly 5\\0298100114-M1.ipt",
      "component_type": "kPartDocumentObject",
      "grounded": false,
      "suppressed": false,
      "visible": true,
      "transform": {
        "rotation_matrix": [
          [
            0.9999999999999988,
            2.9309887850104095e-14,
            -9.860761315262634e-31
          ],
          [
            -2.9309887850104095e-14,
            0.9999999999999988,
            -1.776987261571625e-30
          ],
          [
            -7.296963373293574e-30,
            3.25610145886082e-30,
            1.0
          ]
        ],
        "translation_cm": [
          -78.03999999999833,
          130.85,
          -0.09700000000000256
        ]
      },
      "sub_components": []
    },
    {
      "occurrence_name": "0298100114-M1:9",
      "occurrence_path": "0298100114-M1:9",
      "file_name": "E:\\Phase 1\\Assembly 5\\0298100114-M1.ipt",
      "component_type": "kPartDocumentObject",
      "grounded": false,
      "suppressed": false,
      "visible": true,
      "transform": {
        "rotation_matrix": [
          [
            1.000000000000001,
            5.329070518200759e-15,
            7.888609052210123e-31
          ],
          [
            -5.329070518200759e-15,
            1.000000000000001,
            -1.5304682286900765e-30
          ],
          [
            7.888609052210213e-31,
            3.2561014588610454e-30,
            1.0
          ]
        ],
        "translation_cm": [
          -82.94999999999841,
          147.35000000000005,
          -0.09700000000000256
        ]
      },
      "sub_components": []
    },
    {
      "occurrence_name": "0298100114-M1:10",
      "occurrence_path": "0298100114-M1:10",
      "file_name": "E:\\Phase 1\\Assembly 5\\0298100114-M1.ipt",
      "component_type": "kPartDocumentObject",
      "grounded": false,
      "suppressed": false,
      "visible": true,
      "transform": {
        "rotation_matrix": [
          [
            0.9999999999999948,
            -1.865174681370253e-14,
            1.972152263052516e-30
          ],
          [
            1.865174681370253e-14,
            0.9999999999999948,
            -5.32686133506615e-30
          ],
          [
            -4.9303806576308824e-30,
            3.3547090720137426e-30,
            1.0
          ]
        ],
        "translation_cm": [
          -101.74999999999842,
          140.85,
          -0.09700000000000256
        ]
      },
      "sub_components": []
    },
    {
      "occurrence_name": "0298100114-M1:11",
      "occurrence_path": "0298100114-M1:11",
      "file_name": "E:\\Phase 1\\Assembly 5\\0298100114-M1.ipt",
      "component_type": "kPartDocumentObject",
      "grounded": false,
      "suppressed": false,
      "visible": true,
      "transform": {
        "rotation_matrix": [
          [
            0.8660254037844467,
            0.5000000000000003,
            -1.3482402771101463e-16
          ],
          [
            -0.5000000000000003,
            0.8660254037844467,
            2.0573351395594374e-30
          ],
          [
            1.1676103303828403e-16,
            6.741201385551519e-17,
            1.0
          ]
        ],
        "translation_cm": [
          -82.94999999999843,
          176.35000000000008,
          -0.0970000000000134
        ]
      },
      "sub_components": []
    },
    {
      "occurrence_name": "0298100114-M1:12",
      "occurrence_path": "0298100114-M1:12",
      "file_name": "E:\\Phase 1\\Assembly 5\\0298100114-M1.ipt",
      "component_type": "kPartDocumentObject",
      "grounded": false,
      "suppressed": false,
      "visible": true,
      "transform": {
        "rotation_matrix": [
          [
            1.0000000000000002,
            1.9984014443252818e-15,
            5.916456789157587e-31
          ],
          [
            -1.9984014443252818e-15,
            1.0000000000000002,
            -2.485692577059442e-31
          ],
          [
            -1.0452406994178409e-29,
            3.2067976522847034e-30,
            1.0
          ]
        ],
        "translation_cm": [
          -99.49999999999847,
          183.50000000000003,
          -0.09700000000000256
        ]
      },
      "sub_components": []
    },
    {
      "occurrence_name": "0298100114-M1:13",
      "occurrence_path": "0298100114-M1:13",
      "file_name": "E:\\Phase 1\\Assembly 5\\0298100114-M1.ipt",
      "component_type": "kPartDocumentObject",
      "grounded": false,
      "suppressed": false,
      "visible": true,
      "transform": {
        "rotation_matrix": [
          [
            0.9999999999999954,
            7.993605777301088e-15,
            -8.283039504820607e-30
          ],
          [
            -7.993605777301088e-15,
            0.9999999999999954,
            -2.48569257705913e-31
          ],
          [
            -1.163569835200986e-29,
            3.502620491742498e-30,
            1.0
          ]
        ],
        "translation_cm": [
          -11.499999999998382,
          183.50000000000014,
          -0.09700000000000256
        ]
      },
      "sub_components": []
    },
    {
      "occurrence_name": "0298100114-M1:14",
      "occurrence_path": "0298100114-M1:14",
      "file_name": "E:\\Phase 1\\Assembly 5\\0298100114-M1.ipt",
      "component_type": "kPartDocumentObject",
      "grounded": false,
      "suppressed": false,
      "visible": true,
      "transform": {
        "rotation_matrix": [
          [
            0.866025403784438,
            -0.49999999999999967,
            -1.348240277110231e-16
          ],
          [
            0.49999999999999967,
            0.866025403784438,
            -3.655252710510932e-30
          ],
          [
            1.1676103303828413e-16,
            -6.741201385550835e-17,
            1.0
          ]
        ],
        "translation_cm": [
          -7.508699999998282,
          147.52790000000002,
          -0.09700000000000325
        ]
      },
      "sub_components": []
    },
    {
      "occurrence_name": "0298100114-M1:15",
      "occurrence_path": "0298100114-M1:15",
      "file_name": "E:\\Phase 1\\Assembly 5\\0298100114-M1.ipt",
      "component_type": "kPartDocumentObject",
      "grounded": false,
      "suppressed": false,
      "visible": true,
      "transform": {
        "rotation_matrix": [
          [
            0.8660254037844383,
            0.5000000000000008,
            -1.348240277110238e-16
          ],
          [
            -0.5000000000000008,
            0.8660254037844383,
            -6.662811001519786e-33
          ],
          [
            1.167610330382796e-16,
            6.741201385551334e-17,
            1.0
          ]
        ],
        "translation_cm": [
          -7.508699999998311,
          140.6278999999999,
          -0.09700000000000325
        ]
      },
      "sub_components": []
    },
    {
      "occurrence_name": "0298100114-M1:16",
      "occurrence_path": "0298100114-M1:16",
      "file_name": "E:\\Phase 1\\Assembly 5\\0298100114-M1.ipt",
      "component_type": "kPartDocumentObject",
      "grounded": false,
      "suppressed": false,
      "visible": true,
      "transform": {
        "rotation_matrix": [
          [
            0.8660254037844427,
            0.4999999999999899,
            -1.3482402771102594e-16
          ],
          [
            -0.4999999999999899,
            0.8660254037844427,
            3.980139411657478e-30
          ],
          [
            1.1676103303827898e-16,
            6.741201385551149e-17,
            1.0
          ]
        ],
        "translation_cm": [
          -8.677199999998312,
          136.49999999999994,
          -0.09700000000000333
        ]
