{
  "assembly_metadata": {
    "assembly_name": "1625891052.iam",
    "full_file_path": "E:/Phase 1/Assembly 2/1625891052.iam",
    "internal_name": "{CDE21751-4E5C-EABD-B49C-33825E9E8377}",
    "units": "mm",
    "mass_kg": 2.8917963632911,
    "volume_cm3": 0.37590386985821,
    "center_of_gravity_mm": {
      "x": 383.894994025759,
      "y": 23.3108385911081,
      "z": 0.0181463553374266
    },
    "author": "INEabhp",
    "total_occurrences": 37,
    "total_constraints": 95,
    "extraction_timestamp": "2026-02-15T01:54:02"
  },
  "components": [
    {
      "occurrence_name": "1625891052-P1:1",
      "file_name": "1625891052-P1.ipt",
      "full_file_path": "E:/Phase 1/Assembly 2/1625891052-P1.ipt",
      "internal_name": "{3079F528-4FF5-3A97-ECD0-E58D2D26C8DB}",
      "part_number": "1625891052-P1",
      "mass_kg": 2.81090367986143,
      "bounding_box_mm": {
        "min": { "x": 0, "y": -1.50000000000003, "z": -128.5 },
        "max": { "x": 763, "y": 28.5, "z": 128.5 },
        "center": { "x": 381.5, "y": 13.5, "z": -0.0000000000000711 },
        "dimensions": { "x": 763, "y": 30, "z": 257.000000000001 }
      },
      "transform": {
        "translation_mm": { "x": 0, "y": 0, "z": 0 },
        "rotation_matrix": [
          [1, 0, 0],
          [0, 1, 0],
          [0, 0, 1]
        ]
      },
      "grounded": true,
      "suppressed": false,
      "visible": true,
      "instance_index": 0
    },
    {
      "occurrence_name": "0298100086-M1:1",
      "file_name": "0298100086-M1.ipt",
      "full_file_path": "E:/Phase 1/Assembly 2/0298100086-M1.ipt",
      "internal_name": "{6B044538-46DA-E60C-7AB7-71AD999F6D79}",
      "part_number": "0298100086-M1",
      "mass_kg": 0.0017055929180165,
      "bounding_box_mm": {
        "min": { "x": 73.9430036590491, "y": 14.5000000000001, "z": 87.3249999999989 },
        "max": { "x": 85.0569963409495, "y": 28.5000000000002, "z": 98.8749999999989 },
        "center": { "x": 79.4999999999993, "y": 21.5000000000002, "z": 93.0999999999989 },
        "dimensions": { "x": 11.1139926819003, "y": 14, "z": 11.55 }
      },
      "transform": {
        "translation_mm": { "x": 79.4999999999993, "y": 27.7000000000003, "z": 93.0999999999988 },
        "rotation_matrix": [
          [0.866025403784442, 0.499999999999996, -0.0000000000000035],
          [0.000000000000003, 0.0000000000000017, 1],
          [0.499999999999996, -0.866025403784442, -0]
        ]
      },
      "grounded": false,
      "suppressed": false,
      "visible": true,
      "instance_index": 1
    },
    {
      "occurrence_name": "0298100086-M1:5",
      "file_name": "0298100086-M1.ipt",
      "full_file_path": "E:/Phase 1/Assembly 2/0298100086-M1.ipt",
      "internal_name": "{6B044538-46DA-E60C-7AB7-71AD999F6D79}",
      "part_number": "0298100086-M1",
      "mass_kg": 0.0017055929180165,
      "bounding_box_mm": {
        "min": { "x": 73.9430036590498, "y": 14.5000000000001, "z": -61.675 },
        "max": { "x": 85.0569963409501, "y": 28.5000000000002, "z": -50.125 },
        "center": { "x": 79.4999999999999, "y": 21.5000000000002, "z": -55.9 },
        "dimensions": { "x": 11.1139926819003, "y": 14, "z": 11.55 }
      },
      "transform": {
        "translation_mm": { "x": 79.4999999999999, "y": 27.7000000000003, "z": -55.9 },
        "rotation_matrix": [
          [0.866025403784438, 0.499999999999999, -0.0000000000000035],
          [0.000000000000003, 0.0000000000000017, 1],
          [0.499999999999999, -0.866025403784438, -0]
        ]
      },
      "grounded": false,
      "suppressed": false,
      "visible": true,
      "instance_index": 2
    },
    {
      "occurrence_name": "0298100086-M1:6",
      "file_name": "0298100086-M1.ipt",
      "full_file_path": "E:/Phase 1/Assembly 2/0298100086-M1.ipt",
      "internal_name": "{6B044538-46DA-E60C-7AB7-71AD999F6D79}",
      "part_number": "0298100086-M1",
      "mass_kg": 0.0017055929180165,
      "bounding_box_mm": {
        "min": { "x": 187.943003659049, "y": 14.5000000000005, "z": -61.6749999999999 },
        "max": { "x": 199.056996340949, "y": 28.5000000000006, "z": -50.125 },
        "center": { "x": 193.499999999999, "y": 21.5000000000006, "z": -55.9 },
        "dimensions": { "x": 11.1139926819003, "y": 14, "z": 11.55 }
      },
      "transform": {
        "translation_mm": { "x": 193.499999999999, "y": 27.7000000000007, "z": -55.9 },
        "rotation_matrix": [
          [0.866025403784438, 0.499999999999995, -0.0000000000000035],
          [0.000000000000003, 0.0000000000000017, 1],
          [0.499999999999995, -0.866025403784438, -0]
        ]
      },
      "grounded": false,
      "suppressed": false,
      "visible": true,
      "instance_index": 3
    },
    {
      "occurrence_name": "0298100086-M1:7",
      "file_name": "0298100086-M1.ipt",
      "full_file_path": "E:/Phase 1/Assembly 2/0298100086-M1.ipt",
      "internal_name": "{6B044538-46DA-E60C-7AB7-71AD999F6D79}",
      "part_number": "0298100086-M1",
      "mass_kg": 0.0017055929180165,
      "bounding_box_mm": {
        "min": { "x": 187.943003659049, "y": 14.5000000000005, "z": 87.3249999999989 },
        "max": { "x": 199.056996340949, "y": 28.5000000000006, "z": 98.8749999999989 },
        "center": { "x": 193.499999999999, "y": 21.5000000000006, "z": 93.0999999999989 },
        "dimensions": { "x": 11.1139926819003, "y": 14, "z": 11.55 }
      },
      "transform": {
        "translation_mm": { "x": 193.499999999999, "y": 27.7000000000003, "z": 93.0999999999988 },
        "rotation_matrix": [
          [0.866025403784442, 0.499999999999996, -0.0000000000000035],
          [0.000000000000003, 0.0000000000000017, 1],
          [0.499999999999996, -0.866025403784442, -0]
        ]
      },
      "grounded": false,
      "suppressed": false,
      "visible": true,
      "instance_index": 4
    },
    {
      "occurrence_name": "0298100031-M1-00:1",
      "file_name": "0298100031-M1-00.ipt",
      "full_file_path": "E:/Phase 1/Assembly 2/0298100031-M1-00.ipt",
      "internal_name": "{1E366664-4CF9-D7AD-4506-0F85876B6643}",
      "part_number": "0298 1000 31",
      "mass_kg": 0.0000001690028018,
      "bounding_box_mm": {
        "min": { "x": 70.2368602791852, "y": 17.5000000000001, "z": 54.5499999999994 },
        "max": { "x": 79.763139720814, "y": 28.5000000000002, "z": 64.4499999999994 },
        "center": { "x": 74.9999999999996, "y": 23.0000000000001, "z": 59.4999999999994 },
        "dimensions": { "x": 9.52627944162884, "y": 11, "z": 9.89999999999998 }
      },
      "transform": {
        "translation_mm": { "x": 74.9999999999995, "y": 27.9, "z": 59.4999999999994 },
        "rotation_matrix": [
          [0.866025403784443, -0.499999999999992, -0.0000000000000035],
          [0.000000000000003, -0.0000000000000017, 1],
          [-0.499999999999992, -0.866025403784443, -0]
        ]
      },
      "grounded": false,
      "suppressed": false,
      "visible": true,
      "instance_index": 5
    },
    {
      "occurrence_name": "0298100031-M1-00:2",
      "file_name": "0298100031-M1-00.ipt",
      "full_file_path": "E:/Phase 1/Assembly 2/0298100031-M1-00.ipt",
      "internal_name": "{1E366664-4CF9-D7AD-4506-0F85876B6643}",
      "part_number": "0298 1000 31",
      "mass_kg": 0.0000001690028018,
      "bounding_box_mm": {
        "min": { "x": 70.2368602791853, "y": 17.5000000000001, "z": -17.4500000000004 },
        "max": { "x": 79.7631397208141, "y": 28.5000000000002, "z": -7.55000000000045 },
        "center": { "x": 74.9999999999997, "y": 23.0000000000001, "z": -12.5000000000004 },
        "dimensions": { "x": 9.52627944162884, "y": 11, "z": 9.89999999999998 }
      },
      "transform": {
        "translation_mm": { "x": 74.9999999999996, "y": 27.9, "z": -12.5000000000005 },
        "rotation_matrix": [
          [0.866025403784443, -0.499999999999992, -0.0000000000000035],
          [0.000000000000003, -0.0000000000000017, 1],
          [-0.499999999999992, -0.866025403784443, -0]
        ]
      },
      "grounded": false,
      "suppressed": false,
      "visible": true,
      "instance_index": 6
    },
    {
      "occurrence_name": "0298100031-M1-00:3",
      "file_name": "0298100031-M1-00.ipt",
      "full_file_path": "E:/Phase 1/Assembly 2/0298100031-M1-00.ipt",
      "internal_name": "{1E366664-4CF9-D7AD-4506-0F85876B6643}",
      "part_number": "0298 1000 31",
      "mass_kg": 0.0000001690028018,
      "bounding_box_mm": {
        "min": { "x": 193.236860279185, "y": 17.5000000000005, "z": -17.4500000000003 },
        "max": { "x": 202.763139720814, "y": 28.5000000000006, "z": -7.55000000000027 },
        "center": { "x": 198, "y": 23.0000000000006, "z": -12.5000000000003 },
        "dimensions": { "x": 9.52627944162881, "y": 11, "z": 9.89999999999998 }
      },
      "transform": {
        "translation_mm": { "x": 198, "y": 27.9, "z": -12.5000000000003 },
        "rotation_matrix": [
          [0.866025403784443, -0.499999999999992, -0.0000000000000035],
          [0.000000000000003, -0.0000000000000017, 1],
          [-0.499999999999992, -0.866025403784443, -0]
        ]
      },
      "grounded": false,
      "suppressed": false,
      "visible": true,
      "instance_index": 7
    },
    {
      "occurrence_name": "0298100031-M1-00:4",
      "file_name": "0298100031-M1-00.ipt",
      "full_file_path": "E:/Phase 1/Assembly 2/0298100031-M1-00.ipt",
      "internal_name": "{1E366664-4CF9-D7AD-4506-0F85876B6643}",
      "part_number": "0298 1000 31",
      "mass_kg": 0.0000001690028018,
      "bounding_box_mm": {
        "min": { "x": 193.236860279185, "y": 17.5000000000005, "z": 54.5499999999996 },
        "max": { "x": 202.763139720814, "y": 28.5000000000006, "z": 64.4499999999996 },
        "center": { "x": 198, "y": 23.0000000000006, "z": 59.4999999999996 },
        "dimensions": { "x": 9.52627944162881, "y": 11, "z": 9.89999999999998 }
      },
      "transform": {
        "translation_mm": { "x": 198, "y": 27.9, "z": 59.4999999999996 },
        "rotation_matrix": [
          [0.866025403784443, -0.499999999999992, -0.0000000000000035],
          [0.000000000000003, -0.0000000000000017, 1],
          [-0.499999999999992, -0.866025403784443, -0]
        ]
      },
      "grounded": false,
      "suppressed": false,
      "visible": true,
      "instance_index": 8
    },
    {
      "occurrence_name": "0129327042-M2:2",
      "file_name": "0129327042-M2.ipt",
      "full_file_path": "E:/Phase 1/Assembly 2/0129327042-M2.ipt",
      "internal_name": "{D4B49252-46AC-85A4-F238-C7AA71081C78}",
      "part_number": "0129327042-M2",
      "mass_kg": 0.0000003281479982,
      "bounding_box_mm": {
        "min": { "x": 27.0999999999999, "y": 8.37696210524953, "z": -118.62303789475 },
        "max": { "x": 36.5684820971394, "y": 18.6230378947504, "z": -108.37696210525 },
        "center": { "x": 31.8342410485697, "y": 13.4999999999999, "z": -113.5 },
        "dimensions": { "x": 9.46848209713945, "y": 10.2460757895008, "z": 10.2460757895008 }
      },
      "transform": {
        "translation_mm": { "x": 28.4999999999999, "y": 13.4999999999999, "z": -113.5 },
        "rotation_matrix": [
          [-1, 0.0000000000000017, -0.0000000000000001],
          [-0.0000000000000015, -0.996641112368214, 0.08189318126345],
          [0.0000000000000001, 0.08189318126345, 0.996641112368215]
        ]
      },
      "grounded": false,
      "suppressed": false,
      "visible": true,
      "instance_index": 9
    },
    {
      "occurrence_name": "0129327042-M2:4",
      "file_name": "0129327042-M2.ipt",
      "full_file_path": "E:/Phase 1/Assembly 2/0129327042-M2.ipt",
      "internal_name": "{D4B49252-46AC-85A4-F238-C7AA71081C78}",
      "part_number": "0129327042-M2",
      "mass_kg": 0.0000003281479982,
      "bounding_box_mm": {
        "min": { "x": 726.431517902859, "y": 8.75000000000363, "z": -118.25 },
        "max": { "x": 735.899999999998, "y": 18.2500000000039, "z": -108.75 },
        "center": { "x": 731.165758951429, "y": 13.5000000000038, "z": -113.5 },
        "dimensions": { "x": 9.46848209713949, "y": 9.5000000000003, "z": 9.50000000000021 }
      },
      "transform": {
        "translation_mm": { "x": 734.499999999998, "y": 13.5000000000037, "z": -113.499999999999 },
        "rotation_matrix": [
          [1, -0.000000000000009, -0],
          [0.0000000000000088, 1, -0.0000000000000233],
          [0.0000000000000002, 0.0000000000000233, 1]
        ]
      },
      "grounded": false,
      "suppressed": false,
      "visible": true,
      "instance_index": 10
    },
    {
      "occurrence_name": "0129327042-M2:6",
      "file_name": "0129327042-M2.ipt",
      "full_file_path": "E:/Phase 1/Assembly 2/0129327042-M2.ipt",
      "internal_name": "{D4B49252-46AC-85A4-F238-C7AA71081C78}",
      "part_number": "0129327042-M2",
      "mass_kg": 0.0000003281479982,
      "bounding_box_mm": {
        "min": { "x": 27.0999999999999, "y": 8.37696210524953, "z": 108.37696210525 },
        "max": { "x": 36.5684820971394, "y": 18.6230378947504, "z": 118.62303789475 },
        "center": { "x": 31.8342410485697, "y": 13.4999999999999, "z": 113.5 },
        "dimensions": { "x": 9.46848209713945, "y": 10.2460757895008, "z": 10.2460757895008 }
      },
      "transform": {
        "translation_mm": { "x": 28.4999999999999, "y": 13.4999999999999, "z": 113.5 },
        "rotation_matrix": [
          [-1, 0.0000000000000017, -0.0000000000000001],
          [-0.0000000000000015, -0.996641112368214, 0.08189318126345],
          [0.0000000000000001, 0.08189318126345, 0.996641112368215]
        ]
      },
      "grounded": false,
      "suppressed": false,
      "visible": true,
      "instance_index": 11
    },
    {
      "occurrence_name": "0129327042-M2:8",
      "file_name": "0129327042-M2.ipt",
      "full_file_path": "E:/Phase 1/Assembly 2/0129327042-M2.ipt",
      "internal_name": "{D4B49252-46AC-85A4-F238-C7AA71081C78}",
      "part_number": "0129327042-M2",
      "mass_kg": 0.0000003281479982,
      "bounding_box_mm": {
        "min": { "x": 726.431517902859, "y": 8.75000000000363, "z": 108.75 },
        "max": { "x": 735.899999999998, "y": 18.2500000000039, "z": 118.25 },
        "center": { "x": 731.165758951429, "y": 13.5000000000038, "z": 113.5 },
        "dimensions": { "x": 9.46848209713949, "y": 9.5000000000003, "z": 9.50000000000021 }
      },
      "transform": {
        "translation_mm": { "x": 734.499999999998, "y": 13.5000000000037, "z": 113.500000000001 },
        "rotation_matrix": [
          [1, -0.000000000000009, -0],
          [0.0000000000000088, 1, -0.0000000000000233],
          [0.0000000000000002, 0.0000000000000233, 1]
        ]
      },
      "grounded": false,
      "suppressed": false,
      "visible": true,
      "instance_index": 12
    },
    {
      "occurrence_name": "0298100051-M1:1",
      "file_name": "0298100051-M1.ipt",
      "full_file_path": "E:/Phase 1/Assembly 2/0298100051-M1.ipt",
      "internal_name": "{E33236B7-4562-F7C4-6890-C0A93CC607DB}",
      "part_number": "0298100051-M1",
      "mass_kg": 0.0063830482483205,
      "bounding_box_mm": {
        "min": { "x": 512.909083529453, "y": 8.00000000000036, "z": -98.1499999999998 },
        "max": { "x": 529.940916470547, "y": 28.5000000000004, "z": -80.4499999999999 },
        "center": { "x": 521.425, "y": 18.2500000000004, "z": -89.2999999999999 },
        "dimensions": { "x": 17.0318329410938, "y": 20.5, "z": 17.6999999999999 }
      },
      "transform": {
        "translation_mm": { "x": 521.424999999999, "y": 27.7000000000004, "z": -89.2999999999989 },
        "rotation_matrix": [
          [0.866025403784432, 0.499999999999997, 0.0000000000000001],
          [0.0000000000000006, 0.0000000000000003, 0.999999999999999],
          [0.499999999999998, -0.866025403784432, -0.0000000000000003]
        ]
      },
      "grounded": false,
      "suppressed": false,
      "visible": true,
      "instance_index": 13
    },
    {
      "occurrence_name": "0298100051-M1:2",
      "file_name": "0298100051-M1.ipt",
      "full_file_path": "E:/Phase 1/Assembly 2/0298100051-M1.ipt",
      "internal_name": "{E33236B7-4562-F7C4-6890-C0A93CC607DB}",
      "part_number": "0298100051-M1",
      "mass_kg": 0.0063830482483205,
      "bounding_box_mm": {
        "min": { "x": 469.984083529453, "y": 8.00000000000035, "z": 79.6500000000002 },
        "max": { "x": 487.015916470547, "y": 28.5000000000003, "z": 97.3500000000001 },
        "center": { "x": 478.5, "y": 18.2500000000003, "z": 88.5000000000002 },
        "dimensions": { "x": 17.0318329410938, "y": 20.5, "z": 17.6999999999998 }
      },
      "transform": {
        "translation_mm": { "x": 478.500000000002, "y": 27.7000000000003, "z": 88.4999999999972 },
        "rotation_matrix": [
          [0.866025403784435, 0.499999999999989, 0.0000000000000001],
          [0.0000000000000006, 0.0000000000000003, 0.999999999999999],
          [0.49999999999999, -0.866025403784434, -0.0000000000000003]
        ]
      },
      "grounded": false,
      "suppressed": false,
      "visible": true,
      "instance_index": 14
    },
    {
      "occurrence_name": "0298100051-M1:3",
      "file_name": "0298100051-M1.ipt",
      "full_file_path": "E:/Phase 1/Assembly 2/0298100051-M1.ipt",
      "internal_name": "{E33236B7-4562-F7C4-6890-C0A93CC607DB}",
      "part_number": "0298100051-M1",
      "mass_kg": 0.0063830482483205,
      "bounding_box_mm": {
        "min": { "x": 469.984083529453, "y": 8.00000000000034, "z": -98.1500000000001 },
        "max": { "x": 487.015916470547, "y": 28.5000000000003, "z": -80.4499999999999 },
        "center": { "x": 478.5, "y": 18.2500000000003, "z": -89.3 },
        "dimensions": { "x": 17.0318329410943, "y": 20.5, "z": 17.7000000000002 }
      },
      "transform": {
        "translation_mm": { "x": 478.499999999997, "y": 27.7000000000003, "z": -89.2999999999951 },
        "rotation_matrix": [
          [0.866025403784395, 0.500000000000062, 0.0000000000000001],
          [0.0000000000000006, 0.0000000000000003, 0.999999999999999],
          [0.500000000000063, -0.866025403784395, -0.0000000000000003]
        ]
      },
      "grounded": false,
      "suppressed": false,
      "visible": true,
      "instance_index": 15
    },
    {
      "occurrence_name": "0298100051-M1:4",
      "file_name": "0298100051-M1.ipt",
      "full_file_path": "E:/Phase 1/Assembly 2/0298100051-M1.ipt",
      "internal_name": "{E33236B7-4562-F7C4-6890-C0A93CC607DB}",
      "part_number": "0298100051-M1",
      "mass_kg": 0.0063830482483205,
      "bounding_box_mm": {
        "min": { "x": 512.909083529453, "y": 8.00000000000037, "z": 79.6500000000002 },
        "max": { "x": 529.940916470547, "y": 28.5000000000004, "z": 97.3500000000001 },
        "center": { "x": 521.425, "y": 18.2500000000004, "z": 88.5000000000002 },
        "dimensions": { "x": 17.0318329410938, "y": 20.5, "z": 17.6999999999999 }
      },
      "transform": {
        "translation_mm": { "x": 521.424999999999, "y": 27.7000000000004, "z": 88.5000000000012 },
        "rotation_matrix": [
          [0.866025403784433, 0.499999999999998, 0.0000000000000001],
          [0.0000000000000006, 0.0000000000000003, 0.999999999999999],
          [0.499999999999999, -0.866025403784433, -0.0000000000000003]
        ]
      },
      "grounded": false,
      "suppressed": false,
      "visible": true,
      "instance_index": 16
    },
    {
      "occurrence_name": "0298100030:1",
      "file_name": "0298100030.ipt",
      "full_file_path": "E:/Atlas Copco/Assembly 1/0298100030.ipt",
      "internal_name": "{1E366664-4CF9-D7AD-4506-0F85876B6643}",
      "part_number": "0298100030",
      "mass_kg": 0.0000005353953874,
      "bounding_box_mm": {
        "min": { "x": 491.427459202427, "y": 12.5, "z": -54.1 },
        "max": { "x": 505.572540797573, "y": 28.5, "z": -39.4 },
        "center": { "x": 498.5, "y": 20.5, "z": -46.75 },
        "dimensions": { "x": 14.1450815951458, "y": 16, "z": 14.7 }
      },
      "transform": {
        "translation_mm": { "x": 498.500000000001, "y": 27.7, "z": -46.7500000000015 },
        "rotation_matrix": [
          [0.866025403784435, -0.500000000000002, 0.0000000000000001],
          [-0.0000000000000001, 0, 1],
          [-0.500000000000002, -0.866025403784435, -0]
        ]
      },
      "grounded": false,
      "suppressed": false,
      "visible": true,
      "instance_index": 17
    },
    {
      "occurrence_name": "0298100030:2",
      "file_name": "0298100030.ipt",
      "full_file_path": "E:/Atlas Copco/Assembly 1/0298100030.ipt",
      "internal_name": "{1E366664-4CF9-D7AD-4506-0F85876B6643}",
      "part_number": "0298100030",
      "mass_kg": 0.0000005353953874,
      "bounding_box_mm": {
        "min": { "x": 491.427459202427, "y": 12.5, "z": 41.1500000000001 },
        "max": { "x": 505.572540797573, "y": 28.5, "z": 55.85 },
        "center": { "x": 498.5, "y": 20.5, "z": 48.5 },
        "dimensions": { "x": 14.1450815951458, "y": 16, "z": 14.7 }
      },
      "transform": {
        "translation_mm": { "x": 498.500000000001, "y": 27.7, "z": 48.4999999999972 },
        "rotation_matrix": [
          [0.866025403784434, -0.500000000000004, 0.0000000000000001],
          [-0.0000000000000001, 0, 1],
          [-0.500000000000004, -0.866025403784434, -0]
        ]
      },
      "grounded": false,
      "suppressed": false,
      "visible": true,
      "instance_index": 18
    },
    {
      "occurrence_name": "0298100051-M1:6",
      "file_name": "0298100051-M1.ipt",
      "full_file_path": "E:/Phase 1/Assembly 2/0298100051-M1.ipt",
      "internal_name": "{E33236B7-4562-F7C4-6890-C0A93CC607DB}",
      "part_number": "0298100051-M1",
      "mass_kg": 0.0063830482483205,
      "bounding_box_mm": {
        "min": { "x": 549.984083529453, "y": 8.0000000000004, "z": 79.6500000000001 },
        "max": { "x": 567.015916470547, "y": 28.5000000000004, "z": 97.35 },
        "center": { "x": 558.5, "y": 18.2500000000004, "z": 88.5000000000001 },
        "dimensions": { "x": 17.0318329410938, "y": 20.5, "z": 17.6999999999999 }
      },
      "transform": {
        "translation_mm": { "x": 558.5, "y": 27.7000000000004, "z": 88.5000000000003 },
        "rotation_matrix": [
          [0.866025403784434, 0.499999999999993, 0.0000000000000001],
          [0.0000000000000006, 0.0000000000000003, 0.999999999999999],
          [0.499999999999994, -0.866025403784434, -0.0000000000000003]
        ]
      },
      "grounded": false,
      "suppressed": false,
      "visible": true,
      "instance_index": 19
    },
    {
      "occurrence_name": "0298100051-M1:7",
      "file_name": "0298100051-M1.ipt",
      "full_file_path": "E:/Phase 1/Assembly 2/0298100051-M1.ipt",
      "internal_name": "{E33236B7-4562-F7C4-6890-C0A93CC607DB}",
      "part_number": "0298100051-M1",
      "mass_kg": 0.0063830482483205,
      "bounding_box_mm": {
        "min": { "x": 549.984083529453, "y": 8.0000000000004, "z": 9.65000000000012 },
        "max": { "x": 567.015916470547, "y": 28.5000000000004, "z": 27.35 },
        "center": { "x": 558.5, "y": 18.2500000000004, "z": 18.5000000000001 },
        "dimensions": { "x": 17.0318329410938, "y": 20.5, "z": 17.6999999999999 }
      },
      "transform": {
        "translation_mm": { "x": 558.5, "y": 27.7000000000004, "z": 18.5000000000011 },
        "rotation_matrix": [
          [0.866025403784435, 0.499999999999992, 0.0000000000000001],
          [0.0000000000000006, 0.0000000000000003, 0.999999999999999],
          [0.499999999999993, -0.866025403784435, -0.0000000000000003]
        ]
      },
      "grounded": false,
      "suppressed": false,
      "visible": true,
      "instance_index": 20
    },
    {
      "occurrence_name": "0298100051-M1:10",
      "file_name": "0298100051-M1.ipt",
      "full_file_path": "E:/Phase 1/Assembly 2/0298100051-M1.ipt",
      "internal_name": "{E33236B7-4562-F7C4-6890-C0A93CC607DB}",
      "part_number": "0298100051-M1",
      "mass_kg": 0.0063830482483205,
      "bounding_box_mm": {
        "min": { "x": 574.984083529453, "y": 8.00000000000042, "z": 49.65 },
        "max": { "x": 592.015916470547, "y": 28.5000000000004, "z": 67.3499999999999 },
        "center": { "x": 583.5, "y": 18.2500000000004, "z": 58.5 },
        "dimensions": { "x": 17.0318329410938, "y": 20.5, "z": 17.6999999999999 }
      },
      "transform": {
        "translation_mm": { "x": 583.5, "y": 27.7000000000004, "z": 58.5 },
        "rotation_matrix": [
          [0.866025403784433, 0.499999999999995, 0.0000000000000001],
          [0.0000000000000006, 0.0000000000000003, 0.999999999999999],
          [0.499999999999996, -0.866025403784433, -0.0000000000000003]
        ]
      },
      "grounded": false,
      "suppressed": false,
      "visible": true,
      "instance_index": 21
    },
    {
      "occurrence_name": "0298100051-M1:11",
      "file_name": "0298100051-M1.ipt",
      "full_file_path": "E:/Phase 1/Assembly 2/0298100051-M1.ipt",
      "internal_name": "{E33236B7-4562-F7C4-6890-C0A93CC607DB}",
      "part_number": "0298100051-M1",
      "mass_kg": 0.0063830482483205,
      "bounding_box_mm": {
        "min": { "x": 574.984083529453, "y": 8.00000000000042, "z": -20.35 },
        "max": { "x": 592.015916470547, "y": 28.5000000000004, "z": -2.65000000000005 },
        "center": { "x": 583.5, "y": 18.2500000000004, "z": -11.5 },
        "dimensions": { "x": 17.0318329410939, "y": 20.5, "z": 17.6999999999999 }
      },
      "transform": {
        "translation_mm": { "x": 583.499999999999, "y": 27.7000000000004, "z": -11.499999999999 },
        "rotation_matrix": [
          [0.86602540378443, 0.500000000000002, 0.0000000000000001],
          [0.0000000000000006, 0.0000000000000003, 0.999999999999999],
          [0.500000000000003, -0.86602540378443, -0.0000000000000003]
        ]
      },
      "grounded": false,
      "suppressed": false,
      "visible": true,
      "instance_index": 22
    },
    {
      "occurrence_name": "0298100051-M1:12",
      "file_name": "0298100051-M1.ipt",
      "full_file_path": "E:/Phase 1/Assembly 2/0298100051-M1.ipt",
      "internal_name": "{E33236B7-4562-F7C4-6890-C0A93CC607DB}",
      "part_number": "0298100051-M1",
      "mass_kg": 0.0063830482483205,
      "bounding_box_mm": {
        "min": { "x": 549.984083529453, "y": 8.00000000000039, "z": -60.35 },
        "max": { "x": 567.015916470547, "y": 28.5000000000004, "z": -42.6500000000001 },
        "center": { "x": 558.5, "y": 18.2500000000004, "z": -51.5000000000001 },
        "dimensions": { "x": 17.0318329410938, "y": 20.5, "z": 17.6999999999999 }
      },
      "transform": {
        "translation_mm": { "x": 558.499999999998, "y": 27.7000000000004, "z": -51.4999999999971 },
        "rotation_matrix": [
          [0.866025403784434, 0.499999999999996, 0.0000000000000001],
          [0.0000000000000006, 0.0000000000000003, 0.999999999999999],
          [0.499999999999997, -0.866025403784434, -0.0000000000000003]
        ]
      },
      "grounded": false,
      "suppressed": false,
      "visible": true,
      "instance_index": 23
    },
    {
      "occurrence_name": "0298100051-M1:13",
      "file_name": "0298100051-M1.ipt",
      "full_file_path": "E:/Phase 1/Assembly 2/0298100051-M1.ipt",
      "internal_name": "{E33236B7-4562-F7C4-6890-C0A93CC607DB}",
      "part_number": "0298100051-M1",
      "mass_kg": 0.0063830482483205,
      "bounding_box_mm": {
        "min": { "x": 574.984083529453, "y": 8.00000000000041, "z": -90.3499999999999 },
        "max": { "x": 592.015916470547, "y": 28.5000000000004, "z": -72.65 },
        "center": { "x": 583.5, "y": 18.2500000000004, "z": -81.5 },
        "dimensions": { "x": 17.0318329410938, "y": 20.5, "z": 17.6999999999999 }
      },
      "transform": {
        "translation_mm": { "x": 583.500000000001, "y": 27.7000000000004, "z": -81.5000000000011 },
        "rotation_matrix": [
          [0.866025403784437, 0.499999999999989, 0.0000000000000001],
          [0.0000000000000006, 0.0000000000000003, 0.999999999999999],
          [0.49999999999999, -0.866025403784437, -0.0000000000000003]
        ]
      },
      "grounded": false,
      "suppressed": false,
      "visible": true,
      "instance_index": 24
    },
    {
      "occurrence_name": "0298100030:3",
      "file_name": "0298100030.ipt",
      "full_file_path": "E:/Atlas Copco/Assembly 1/0298100030.ipt",
      "internal_name": "{1E366664-4CF9-D7AD-4506-0F85876B6643}",
      "part_number": "0298100030",
      "mass_kg": 0.0000005353953874,
      "bounding_box_mm": {
        "min": { "x": 451.427459202427, "y": 12.5, "z": 31.15 },
        "max": { "x": 465.572540797573, "y": 28.5, "z": 45.85 },
        "center": { "x": 458.5, "y": 20.5, "z": 38.5 },
        "dimensions": { "x": 14.1450815951458, "y": 16, "z": 14.7 }
      },
      "transform": {
        "translation_mm": { "x": 458.499999999999, "y": 27.7, "z": 38.5000000000018 },
        "rotation_matrix": [
          [0.86602540378444, -0.499999999999996, 0.0000000000000001],
          [-0.0000000000000001, 0, 1],
          [-0.499999999999996, -0.86602540378444, -0]
        ]
      },
      "grounded": false,
      "suppressed": false,
      "visible": true,
      "instance_index": 25
    },
    {
      "occurrence_name": "0298100030:4",
      "file_name": "0298100030.ipt",
      "full_file_path": "E:/Atlas Copco/Assembly 1/0298100030.ipt",
      "internal_name": "{1E366664-4CF9-D7AD-4506-0F85876B6643}",
      "part_number": "0298100030",
      "mass_kg": 0.0000005353953874,
      "bounding_box_mm": {
        "min": { "x": 524.325459202427, "y": 12.5, "z": 31.15 },
        "max": { "x": 538.470540797573, "y": 28.5, "z": 45.85 },
        "center": { "x": 531.398, "y": 20.5, "z": 38.5 },
        "dimensions": { "x": 14.1450815951458, "y": 16, "z": 14.7 }
      },
      "transform": {
        "translation_mm": { "x": 531.398, "y": 27.7, "z": 38.4999999999994 },
        "rotation_matrix": [
          [0.866025403784434, -0.500000000000006, 0.0000000000000001],
          [-0.0000000000000001, 0, 1],
          [-0.500000000000006, -0.866025403784434, -0]
        ]
      },
      "grounded": false,
      "suppressed": false,
      "visible": true,
      "instance_index": 26
    },
    {
      "occurrence_name": "0298100030:5",
      "file_name": "0298100030.ipt",
      "full_file_path": "E:/Atlas Copco/Assembly 1/0298100030.ipt",
      "internal_name": "{1E366664-4CF9-D7AD-4506-0F85876B6643}",
      "part_number": "0298100030",
      "mass_kg": 0.0000005353953874,
      "bounding_box_mm": {
        "min": { "x": 451.427459202427, "y": 12.5, "z": -6.94999999999983 },
        "max": { "x": 465.572540797573, "y": 28.5, "z": 7.75000000000015 },
        "center": { "x": 458.5, "y": 20.5, "z": 0.400000000000158 },
        "dimensions": { "x": 14.1450815951458, "y": 16, "z": 14.7 }
      },
      "transform": {
        "translation_mm": { "x": 458.5, "y": 27.7, "z": 0.400000000000337 },
        "rotation_matrix": [
          [0.866025403784438, -0.499999999999999, 0.0000000000000001],
          [-0.0000000000000001, 0, 1],
          [-0.499999999999999, -0.866025403784438, -0]
        ]
      },
      "grounded": false,
      "suppressed": false,
      "visible": true,
      "instance_index": 27
    },
    {
      "occurrence_name": "0298100030:8",
      "file_name": "0298100030.ipt",
      "full_file_path": "E:/Atlas Copco/Assembly 1/0298100030.ipt",
      "internal_name": "{1E366664-4CF9-D7AD-4506-0F85876B6643}",
      "part_number": "0298100030",
      "mass_kg": 0.0000005353953874,
      "bounding_box_mm": {
        "min": { "x": 524.325459202427, "y": 12.5, "z": -6.94999999999999 },
        "max": { "x": 538.470540797573, "y": 28.5, "z": 7.74999999999999 },
        "center": { "x": 531.398, "y": 20.5, "z": 0.4 },
        "dimensions": { "x": 14.1450815951458, "y": 16, "z": 14.7 }
      },
      "transform": {
        "translation_mm": { "x": 531.397999999999, "y": 27.7, "z": 0.400000000000821 },
        "rotation_matrix": [
          [0.866025403784437, -0.500000000000001, 0.0000000000000001],
          [-0.0000000000000001, 0, 1],
          [-0.500000000000001, -0.866025403784437, -0]
        ]
      },
      "grounded": false,
      "suppressed": false,
      "visible": true,
      "instance_index": 28
    },
    {
      "occurrence_name": "0298100030:9",
      "file_name": "0298100030.ipt",
      "full_file_path": "E:/Atlas Copco/Assembly 1/0298100030.ipt",
      "internal_name": "{1E366664-4CF9-D7AD-4506-0F85876B6643}",
      "part_number": "0298100030",
      "mass_kg": 0.0000005353953874,
      "bounding_box_mm": {
        "min": { "x": 597.223459202427, "y": 12.5, "z": -6.94999999999994 },
        "max": { "x": 611.368540797573, "y": 28.5, "z": 7.75000000000003 },
        "center": { "x": 604.296, "y": 20.5, "z": 0.400000000000046 },
        "dimensions": { "x": 14.1450815951458, "y": 16, "z": 14.7 }
      },
      "transform": {
        "translation_mm": { "x": 604.295999999999, "y": 27.7, "z": 0.400000000000845 },
        "rotation_matrix": [
          [0.866025403784436, -0.500000000000001, 0.0000000000000001],
          [-0.0000000000000001, 0, 1],
          [-0.500000000000001, -0.866025403784436, -0]
        ]
      },
      "grounded": false,
      "suppressed": false,
      "visible": true,
      "instance_index": 29
    },
    {
      "occurrence_name": "0298100030:10",
      "file_name": "0298100030.ipt",
      "full_file_path": "E:/Atlas Copco/Assembly 1/0298100030.ipt",
      "internal_name": "{1E366664-4CF9-D7AD-4506-0F85876B6643}",
      "part_number": "0298100030",
      "mass_kg": 0.0000005353953874,
      "bounding_box_mm": {
        "min": { "x": 597.223459202427, "y": 12.5, "z": 31.15 },
        "max": { "x": 611.368540797573, "y": 28.5, "z": 45.85 },
        "center": { "x": 604.296, "y": 20.5, "z": 38.5 },
        "dimensions": { "x": 14.1450815951458, "y": 16, "z": 14.7 }
      },
      "transform": {
        "translation_mm": { "x": 604.296, "y": 27.7, "z": 38.5000000000001 },
        "rotation_matrix": [
          [0.866025403784438, -0.499999999999999, 0.0000000000000001],
          [-0.0000000000000001, 0, 1],
          [-0.499999999999999, -0.866025403784438, -0]
        ]
      },
      "grounded": false,
      "suppressed": false,
      "visible": true,
      "instance_index": 30
    },
    {
      "occurrence_name": "0298100086-M1:8",
      "file_name": "0298100086-M1.ipt",
      "full_file_path": "E:/Phase 1/Assembly 2/0298100086-M1.ipt",
      "internal_name": "{6B044538-46DA-E60C-7AB7-71AD999F6D79}",
      "part_number": "0298100086-M1",
      "mass_kg": 0.0017055929180165,
      "bounding_box_mm": {
        "min": { "x": 378.943003659048, "y": 14.5000000000013, "z": 77.7250000000035 },
        "max": { "x": 390.056996340948, "y": 28.5000000000014, "z": 89.2750000000035 },
        "center": { "x": 384.499999999998, "y": 21.5000000000014, "z": 83.5000000000035 },
        "dimensions": { "x": 11.1139926819003, "y": 14, "z": 11.55 }
      },
      "transform": {
        "translation_mm": { "x": 384.499999999998, "y": 27.7000000000014, "z": 83.5000000000035 },
        "rotation_matrix": [
          [0.866025403784436, 0.499999999999999, -0.0000000000000035],
          [0.000000000000003, 0.0000000000000017, 1],
          [0.499999999999999, -0.866025403784436, -0]
        ]
      },
      "grounded": false,
      "suppressed": false,
      "visible": true,
      "instance_index": 31
    },
    {
      "occurrence_name": "0298100086-M1:9",
      "file_name": "0298100086-M1.ipt",
      "full_file_path": "E:/Phase 1/Assembly 2/0298100086-M1.ipt",
      "internal_name": "{6B044538-46DA-E60C-7AB7-71AD999F6D79}",
      "part_number": "0298100086-M1",
      "mass_kg": 0.0017055929180165,
      "bounding_box_mm": {
        "min": { "x": 628.943003659054, "y": 14.5000000000022, "z": -102.275000000008 },
        "max": { "x": 640.056996340955, "y": 28.5000000000022, "z": -90.7250000000082 },
        "center": { "x": 634.500000000004, "y": 21.5000000000022, "z": -96.5000000000082 },
        "dimensions": { "x": 11.1139926819003, "y": 14, "z": 11.5499999999999 }
      },
      "transform": {
        "translation_mm": { "x": 634.500000000004, "y": 27.7000000000022, "z": -96.5000000000082 },
        "rotation_matrix": [
          [0.866025403784443, 0.499999999999987, -0.0000000000000035],
          [0.000000000000003, 0.0000000000000017, 1],
          [0.499999999999987, -0.866025403784443, -0]
        ]
      },
      "grounded": false,
      "suppressed": false,
      "visible": true,
      "instance_index": 32
    },
    {
      "occurrence_name": "0298100086-M1:10",
      "file_name": "0298100086-M1.ipt",
      "full_file_path": "E:/Phase 1/Assembly 2/0298100086-M1.ipt",
      "internal_name": "{6B044538-46DA-E60C-7AB7-71AD999F6D79}",
      "part_number": "0298100086-M1",
      "mass_kg": 0.0017055929180165,
      "bounding_box_mm": {
        "min": { "x": 628.943003659051, "y": 14.5000000000022, "z": 77.7249999999978 },
        "max": { "x": 640.056996340951, "y": 28.5000000000022, "z": 89.2749999999978 },
        "center": { "x": 634.500000000001, "y": 21.5000000000022, "z": 83.4999999999978 },
        "dimensions": { "x": 11.1139926819003, "y": 14, "z": 11.55 }
      },
      "transform": {
        "translation_mm": { "x": 634.500000000001, "y": 27.7000000000022, "z": 83.4999999999978 },
        "rotation_matrix": [
          [0.866025403784436, 0.499999999999997, -0.0000000000000035],
          [0.000000000000003, 0.0000000000000017, 1],
          [0.499999999999997, -0.866025403784436, -0]
        ]
      },
      "grounded": false,
      "suppressed": false,
      "visible": true,
      "instance_index": 33
    },
    {
      "occurrence_name": "0298100086-M1:11",
      "file_name": "0298100086-M1.ipt",
      "full_file_path": "E:/Phase 1/Assembly 2/0298100086-M1.ipt",
      "internal_name": "{6B044538-46DA-E60C-7AB7-71AD999F6D79}",
      "part_number": "0298100086-M1",
      "mass_kg": 0.0017055929180165,
      "bounding_box_mm": {
        "min": { "x": 378.943003659052, "y": 14.5000000000013, "z": -102.275000000005 },
        "max": { "x": 390.056996340953, "y": 28.5000000000014, "z": -90.725000000005 },
        "center": { "x": 384.500000000003, "y": 21.5000000000014, "z": -96.5000000000049 },
        "dimensions": { "x": 11.1139926819003, "y": 14, "z": 11.5499999999999 }
      },
      "transform": {
        "translation_mm": { "x": 384.500000000003, "y": 27.7000000000014, "z": -96.5000000000049 },
        "rotation_matrix": [
          [0.866025403784443, 0.499999999999987, -0.0000000000000035],
          [0.000000000000003, 0.0000000000000017, 1],
          [0.499999999999987, -0.866025403784443, -0]
        ]
      },
      "grounded": false,
      "suppressed": false,
      "visible": true,
      "instance_index": 34
    },
    {
      "occurrence_name": "0298100086-M1:12",
      "file_name": "0298100086-M1.ipt",
      "full_file_path": "E:/Phase 1/Assembly 2/0298100086-M1.ipt",
      "internal_name": "{6B044538-46DA-E60C-7AB7-71AD999F6D79}",
      "part_number": "0298100086-M1",
      "mass_kg": 0.0017055929180165,
      "bounding_box_mm": {
        "min": { "x": 698.943003659049, "y": 14.5000000000024, "z": 77.7250000000012 },
        "max": { "x": 710.05699634095, "y": 28.5000000000025, "z": 89.2750000000011 },
        "center": { "x": 704.5, "y": 21.5000000000025, "z": 83.5000000000012 },
        "dimensions": { "x": 11.1139926819003, "y": 14, "z": 11.55 }
      },
      "transform": {
        "translation_mm": { "x": 704.499999999999, "y": 27.7000000000025, "z": 83.5000000000012 },
        "rotation_matrix": [
          [0.866025403784436, 0.499999999999997, -0.0000000000000035],
          [0.000000000000003, 0.0000000000000017, 1],
          [0.499999999999997, -0.866025403784436, -0]
        ]
      },
