{
  "assembly_metadata": {
    "assembly_name": "1094892576-M1.iam",
    "full_file_name": "E:\\Phase 1\\New-Assemblies\\PRANA - Assembly Automation\\Assembly 26\\Workspaces\\1094892576-M1\\1094892576-M1.iam",
    "internal_name": "{5E75891C-492D-F99E-EAE4-E7B73E6233C1}",
    "total_occurrences": 122,
    "total_constraints": 268
  },
  "physics": {
    "mass_kg": 952.89261944053192,
    "center_of_mass": [
      102.54461401213602,
      52.650571998996725,
      -2.0173235874392694
    ],
    "inertia_tensor": [
      2363931.9725480904,
      5982969.0577982962,
      8328529.0037601124,
      -427435.63486771868,
      6175.779941166863,
      12194.225489510149
    ]
  },
  "assembly_graph": {
    "nodes": [
      {
        "node_id": "1094892576-P50.ipt:1",
        "file_name": "E:\\Phase 1\\New-Assemblies\\PRANA - Assembly Automation\\Assembly 26\\Workspaces\\1094892576-M1\\1094892576-P50.ipt",
        "component_type": "kPartDocumentObject",
        "grounded": false,
        "suppressed": false,
        "visible": true,
        "adaptive": false,
        "flexible": false,
        "dof_translation": 0,
        "dof_rotation": 1,
        "fully_constrained": false,
        "transform": {
          "rotation_matrix": [
            [
              -0.86602540378447357,
              0.49999999999996081,
              -6.025197623652578E-15
            ],
            [
              0.49999999999996081,
              0.86602540378447046,
              2.6932377032646658E-10
            ],
            [
              1.3466710313742086E-10,
              2.3323821434693049E-10,
              -1.0
            ]
          ],
          "translation_cm": [
            28.349999999673855,
            82.99999999276703,
            -1.0500610649215678
          ]
        }
      },
      {
        "node_id": "1094892576-P50.ipt:2",
        "file_name": "E:\\Phase 1\\New-Assemblies\\PRANA - Assembly Automation\\Assembly 26\\Workspaces\\1094892576-M1\\1094892576-P50.ipt",
        "component_type": "kPartDocumentObject",
        "grounded": false,
        "suppressed": false,
        "visible": true,
        "adaptive": false,
        "flexible": false,
        "dof_translation": 0,
        "dof_rotation": 0,
        "fully_constrained": true,
        "transform": {
          "rotation_matrix": [
            [
              1.0,
              2.3111083289551221E-14,
              -2.1464185218183785E-14
            ],
            [
              2.3111083295299821E-14,
              -1.0,
              2.6932377032647144E-10
            ],
            [
              -2.1464185212025826E-14,
              -2.6932377032647009E-10,
              -1.0
            ]
          ],
          "translation_cm": [
            96.349999999677848,
            6.5499999927704122,
            -1.05006108551178
          ]
        }
      },
      {
        "node_id": "1094892576-P50.ipt:3",
        "file_name": "E:\\Phase 1\\New-Assemblies\\PRANA - Assembly Automation\\Assembly 26\\Workspaces\\1094892576-M1\\1094892576-P50.ipt",
        "component_type": "kPartDocumentObject",
        "grounded": false,
        "suppressed": false,
        "visible": true,
        "adaptive": false,
        "flexible": false,
        "dof_translation": 0,
        "dof_rotation": 1,
        "fully_constrained": false,
        "transform": {
          "rotation_matrix": [
            [
              -0.86602540378448589,
              0.499999999999968,
              -6.0251976277097473E-15
            ],
            [
              0.499999999999968,
              0.86602540378448134,
              2.6932377032645127E-10
            ],
            [
              1.3466710313743154E-10,
              2.3323821434692821E-10,
              -1.0
            ]
          ],
          "translation_cm": [
            184.89999999967381,
            82.999999992774789,
            -1.0500610649225111
          ]
        }
      },
      {
        "node_id": "1094892576-P42.ipt:4",
        "file_name": "E:\\Phase 1\\New-Assemblies\\PRANA - Assembly Automation\\Assembly 26\\Workspaces\\1094892576-M1\\1094892576-P42.ipt",
        "component_type": "kPartDocumentObject",
        "grounded": true,
        "suppressed": false,
        "visible": true,
        "adaptive": false,
        "flexible": false,
        "dof_translation": 0,
        "dof_rotation": 0,
        "fully_constrained": false,
        "transform": {
          "rotation_matrix": [
            [
              1.0,
              -5.1173122536939384E-14,
              5.1618006741339288E-15
            ],
            [
              4.9674321448764651E-14,
              1.0,
              -2.6932381617587596E-10
            ],
            [
              -6.0251976129712058E-15,
              2.6932377032647009E-10,
              0.9999999999994923
            ]
          ],
          "translation_cm": [
            -3.2181901588046458E-10,
            -7.5172010838286951E-09,
            -6.1087275270099717E-05
          ]
        }
      },
      {
        "node_id": "1094892576-P16.ipt:5",
        "file_name": "E:\\Phase 1\\New-Assemblies\\PRANA - Assembly Automation\\Assembly 26\\Workspaces\\1094892576-M1\\1094892576-P16.ipt",
        "component_type": "kPartDocumentObject",
        "grounded": false,
        "suppressed": false,
        "visible": true,
        "adaptive": false,
        "flexible": false,
        "dof_translation": 0,
        "dof_rotation": 0,
        "fully_constrained": true,
        "transform": {
          "rotation_matrix": [
            [
              -5.1173122536937838E-14,
              -1.6113365955040552E-12,
              0.99999999999999689
            ],
            [
              1.0,
              -2.6932336872522821E-10,
              5.061074602445606E-14
            ],
            [
              2.69323106252147E-10,
              0.99999999999948552,
              1.6109997627626147E-12
            ]
          ],
          "translation_cm": [
            -52.500000000321577,
            -5.0358000065099482,
            -3.7500610887142747
          ]
        }
      },
      {
        "node_id": "1094892576-P16.ipt:6",
        "file_name": "E:\\Phase 1\\New-Assemblies\\PRANA - Assembly Automation\\Assembly 26\\Workspaces\\1094892576-M1\\1094892576-P16.ipt",
        "component_type": "kPartDocumentObject",
        "grounded": false,
        "suppressed": false,
        "visible": true,
        "adaptive": false,
        "flexible": false,
        "dof_translation": 0,
        "dof_rotation": 0,
        "fully_constrained": true,
        "transform": {
          "rotation_matrix": [
            [
              5.11142298447924E-14,
              1.3749414490432663E-14,
              -1.0000000000000002
            ],
            [
              -1.0,
              -2.6932400316081567E-10,
              -5.06111600308267E-14
            ],
            [
              -2.6932395731140055E-10,
              0.99999999999948341,
              1.4612811428669602E-14
            ]
          ],
          "translation_cm": [
            -21.600000000325451,
            66.749999993491713,
            -3.7500610692956573
          ]
        }
      },
      {
        "node_id": "1094892576-P19.ipt:7",
        "file_name": "E:\\Phase 1\\New-Assemblies\\PRANA - Assembly Automation\\Assembly 26\\Workspaces\\1094892576-M1\\1094892576-P19.ipt",
        "component_type": "kPartDocumentObject",
        "grounded": false,
        "suppressed": false,
        "visible": true,
        "adaptive": false,
        "flexible": false,
        "dof_translation": 0,
        "dof_rotation": 0,
        "fully_constrained": true,
        "transform": {
          "rotation_matrix": [
            [
              5.1173122536939384E-14,
              2.0545963354526826E-14,
              -1.0000000000000002
            ],
            [
              -1.0,
              -2.6932400281411171E-10,
              -5.0756788899855068E-14
            ],
            [
              -2.6932395696470414E-10,
              0.99999999999948341,
              2.1409360292449757E-14
            ]
          ],
          "translation_cm": [
            176.69999999967339,
            91.724999993501612,
            -3.7500610625706794
          ]
        }
      },
      {
        "node_id": "1094892576-P28.ipt:8",
        "file_name": "E:\\Phase 1\\New-Assemblies\\PRANA - Assembly Automation\\Assembly 26\\Workspaces\\1094892576-M1\\1094892576-P28.ipt",
        "component_type": "kPartDocumentObject",
        "grounded": false,
        "suppressed": false,
        "visible": true,
        "adaptive": false,
        "flexible": false,
        "dof_translation": 0,
        "dof_rotation": 0,
        "fully_constrained": true,
        "transform": {
          "rotation_matrix": [
            [
              5.022678838795621E-14,
              2.0558521232831638E-14,
              -1.0000000000000002
            ],
            [
              -1.0,
              -2.6932400281411331E-10,
              -4.981739364455608E-14
            ],
            [
              -2.6932395696470414E-10,
              0.9999999999994843,
              2.1338651444131735E-14
            ]
          ],
          "translation_cm": [
            46.799999999673361,
            91.72499999349516,
            -3.7500610625698996
          ]
        }
      },
      {
        "node_id": "1094892576-P35.ipt:9",
        "file_name": "E:\\Phase 1\\New-Assemblies\\PRANA - Assembly Automation\\Assembly 26\\Workspaces\\1094892576-M1\\1094892576-P35.ipt",
        "component_type": "kPartDocumentObject",
        "grounded": false,
        "suppressed": false,
        "visible": true,
        "adaptive": false,
        "flexible": false,
        "dof_translation": 0,
        "dof_rotation": 0,
        "fully_constrained": true,
        "transform": {
          "rotation_matrix": [
            [
              5.017285943577479E-14,
              2.0303321242294728E-14,
              -1.0
            ],
            [
              -1.0,
              -2.6932371015746778E-10,
              -5.0419189000267439E-14
            ],
            [
              -2.6932358206056236E-10,
              1.0,
              2.0392484490904591E-14
            ]
          ],
          "translation_cm": [
            29.099999999675134,
            18.564199993494192,
            -3.7500610822756548
          ]
        }
      },
      {
        "node_id": "1094892576-P35.ipt:10",
        "file_name": "E:\\Phase 1\\New-Assemblies\\PRANA - Assembly Automation\\Assembly 26\\Workspaces\\1094892576-M1\\1094892576-P35.ipt",
        "component_type": "kPartDocumentObject",
        "grounded": false,
        "suppressed": false,
        "visible": true,
        "adaptive": false,
        "flexible": false,
        "dof_translation": 0,
        "dof_rotation": 0,
        "fully_constrained": true,
        "transform": {
          "rotation_matrix": [
            [
              5.102573915665958E-14,
              1.1546019768873656E-14,
              -0.99999999999999689
            ],
            [
              -1.0000000000000002,
              -2.6932422127235277E-10,
              -5.0415141076308111E-14
            ],
            [
              -2.6932395879934436E-10,
              0.99999999999948486,
              1.1882852512570069E-14
            ]
          ],
          "translation_cm": [
            80.699999999676947,
            18.564199993496786,
            -3.7500610822745206
          ]
        }
      },
      {
        "node_id": "1094892576-P35.ipt:11",
        "file_name": "E:\\Phase 1\\New-Assemblies\\PRANA - Assembly Automation\\Assembly 26\\Workspaces\\1094892576-M1\\1094892576-P35.ipt",
        "component_type": "kPartDocumentObject",
        "grounded": false,
        "suppressed": false,
        "visible": true,
        "adaptive": false,
        "flexible": false,
        "dof_translation": 0,
        "dof_rotation": 0,
        "fully_constrained": true,
        "transform": {
          "rotation_matrix": [
            [
              5.0603406980972971E-14,
              2.153752218777395E-14,
              -0.99999999999999667
            ],
            [
              -0.99999999999999911,
              -2.6932318025249151E-10,
              -5.0603406986623827E-14
            ],
            [
              -2.6932318025251007E-10,
              0.99999999999999667,
              2.1537522157949473E-14
            ]
          ],
          "translation_cm": [
            139.69999999967689,
            18.564199993499741,
            -3.7500610822785028
          ]
        }
      },
      {
        "node_id": "1094892576-P35.ipt:12",
        "file_name": "E:\\Phase 1\\New-Assemblies\\PRANA - Assembly Automation\\Assembly 26\\Workspaces\\1094892576-M1\\1094892576-P35.ipt",
        "component_type": "kPartDocumentObject",
        "grounded": false,
        "suppressed": false,
        "visible": true,
        "adaptive": false,
        "flexible": false,
        "dof_translation": 0,
        "dof_rotation": 0,
        "fully_constrained": true,
        "transform": {
          "rotation_matrix": [
            [
              -2.2018617463491958E-15,
              2.1537522171577755E-14,
              -0.99999999999999667
            ],
            [
              -0.99999999999999822,
              -2.6932318025249162E-10,
              2.2018617405487296E-15
            ],
            [
              -2.6932318025249125E-10,
              0.99999999999999667,
              2.1537522172171165E-14
            ]
          ],
          "translation_cm": [
            112.69999999967698,
            18.564199993499795,
            -3.7500610822779228
          ]
        }
      },
      {
        "node_id": "1094892576-P37.ipt:13",
        "file_name": "E:\\Phase 1\\New-Assemblies\\PRANA - Assembly Automation\\Assembly 26\\Workspaces\\1094892576-M1\\1094892576-P37.ipt",
        "component_type": "kPartDocumentObject",
        "grounded": false,
        "suppressed": false,
        "visible": true,
        "adaptive": false,
        "flexible": false,
        "dof_translation": 0,
        "dof_rotation": 0,
        "fully_constrained": true,
        "transform": {
          "rotation_matrix": [
            [
              5.1341191899388944E-14,
              -9.2077942789986075E-14,
              -0.99999999999999645
            ],
            [
              -0.99999999999999889,
              -2.6932395036262396E-10,
              -5.1341191725148787E-14
            ],
            [
              -2.69323950362636E-10,
              0.99999999999999667,
              -9.2077942820036286E-14
            ]
          ],
          "translation_cm": [
            217.99999999967719,
            18.199999993503525,
            -3.750061082374883
          ]
        }
      },
      {
        "node_id": "1094892576-P38.ipt:14",
        "file_name": "E:\\Phase 1\\New-Assemblies\\PRANA - Assembly Automation\\Assembly 26\\Workspaces\\1094892576-M1\\1094892576-P38.ipt",
        "component_type": "kPartDocumentObject",
        "grounded": false,
        "suppressed": false,
        "visible": true,
        "adaptive": false,
        "flexible": false,
        "dof_translation": 0,
        "dof_rotation": 0,
        "fully_constrained": true,
        "transform": {
          "rotation_matrix": [
            [
              -0.99999999999999845,
              -1.6142233999239429E-12,
              -5.0520308413242624E-14
            ],
            [
              -5.0472061355972808E-14,
              -2.6932438514840023E-10,
              1.0
            ],
            [
              -1.6131407242341006E-12,
              0.99999999999948552,
              2.6932383155880993E-10
            ]
          ],
          "translation_cm": [
            50.199999999677246,
            13.414199993495261,
            -3.7500610836608721
          ]
        }
      },
      {
        "node_id": "1094892576-P39.ipt:15",
        "file_name": "E:\\Phase 1\\New-Assemblies\\PRANA - Assembly Automation\\Assembly 26\\Workspaces\\1094892576-M1\\1094892576-P39.ipt",
        "component_type": "kPartDocumentObject",
        "grounded": false,
        "suppressed": false,
        "visible": true,
        "adaptive": false,
        "flexible": false,
        "dof_translation": 0,
        "dof_rotation": 0,
        "fully_constrained": true,
        "transform": {
          "rotation_matrix": [
            [
              1.0000000000000013,
              -1.5427730179191682E-15,
              5.0233932219564018E-14
            ],
            [
              4.981752604170175E-14,
              -2.6932381617587161E-10,
              -1.0000000000000002
            ],
            [
              6.7937607979588019E-16,
              0.9999999999994843,
              -2.6932377032647014E-10
            ]
          ],
          "translation_cm": [
            106.19999999967189,
            121.44999999349805,
            -3.7500610545638895
          ]
        }
      },
      {
        "node_id": "1094892576-P40.ipt:16",
        "file_name": "E:\\Phase 1\\New-Assemblies\\PRANA - Assembly Automation\\Assembly 26\\Workspaces\\1094892576-M1\\1094892576-P40.ipt",
        "component_type": "kPartDocumentObject",
        "grounded": false,
        "suppressed": false,
        "visible": true,
        "adaptive": false,
        "flexible": false,
        "dof_translation": 0,
        "dof_rotation": 0,
        "fully_constrained": true,
        "transform": {
          "rotation_matrix": [
            [
              5.1027493669481917E-14,
              2.0349961106957268E-14,
              -1.0
            ],
            [
              -1.0,
              -2.6932381628454526E-10,
              -5.0611160032604383E-14
            ],
            [
              -2.6932377043514193E-10,
              0.99999999999948319,
              2.1213358045411706E-14
            ]
          ],
          "translation_cm": [
            176.69999999967649,
            26.09999999350169,
            -3.7500610802478715
          ]
        }
      },
      {
        "node_id": "1094892576-P12.ipt:17",
        "file_name": "E:\\Phase 1\\New-Assemblies\\PRANA - Assembly Automation\\Assembly 26\\Workspaces\\1094892576-M1\\1094892576-P12.ipt",
        "component_type": "kPartDocumentObject",
        "grounded": false,
        "suppressed": false,
        "visible": true,
        "adaptive": false,
        "flexible": false,
        "dof_translation": 0,
        "dof_rotation": 0,
        "fully_constrained": true,
        "transform": {
          "rotation_matrix": [
            [
              -0.999999999999998,
              -1.6144984335515698E-12,
              -5.0835522639036731E-14
            ],
            [
              -5.0419188560184709E-14,
              -2.6932387740822613E-10,
              1.0
            ],
            [
              -1.6136350366143541E-12,
              0.99999999999948552,
              2.6932383155881003E-10
            ]
          ],
          "translation_cm": [
            76.949999999676081,
            37.414199993496609,
            -3.7500610770725933
          ]
        }
      },
      {
        "node_id": "1094892576-P7.ipt:18",
        "file_name": "E:\\Phase 1\\New-Assemblies\\PRANA - Assembly Automation\\Assembly 26\\Workspaces\\1094892576-M1\\1094892576-P7.ipt",
        "component_type": "kPartDocumentObject",
        "grounded": false,
        "suppressed": false,
        "visible": true,
        "adaptive": false,
        "flexible": false,
        "dof_translation": 0,
        "dof_rotation": 0,
        "fully_constrained": true,
        "transform": {
          "rotation_matrix": [
            [
              -0.999999999999998,
              -1.6111536754634241E-12,
              -5.1027384997659742E-14
            ],
            [
              -5.0611050897008471E-14,
              -2.6932381617588511E-10,
              1.0
            ],
            [
              -1.6102902785275993E-12,
              0.99999999999948552,
              2.6932377032647009E-10
            ]
          ],
          "translation_cm": [
            57.94999999967844,
            -9.785800006504342,
            -3.7500610898156039
          ]
        }
      },
      {
        "node_id": "1094892576-P25.ipt:19",
        "file_name": "E:\\Phase 1\\New-Assemblies\\PRANA - Assembly Automation\\Assembly 26\\Workspaces\\1094892576-M1\\1094892576-P25.ipt",
        "component_type": "kPartDocumentObject",
        "grounded": false,
        "suppressed": false,
        "visible": true,
        "adaptive": false,
        "flexible": false,
        "dof_translation": 0,
        "dof_rotation": 0,
        "fully_constrained": true,
        "transform": {
          "rotation_matrix": [
            [
              1.0000000000000002,
              1.3561868773494277E-14,
              5.1175861712059E-14
            ],
            [
              5.06172807242826E-14,
              -2.6932375494354935E-10,
              -1.0
            ],
            [
              -1.4425265711713971E-14,
              0.99999999999948341,
              -2.6932370909413015E-10
            ]
          ],
          "translation_cm": [
            85.699999999674347,
            71.499999993497127,
            -3.7500610680178923
          ]
        }
      },
      {
        "node_id": "1094892576-P36.ipt:20",
        "file_name": "E:\\Phase 1\\New-Assemblies\\PRANA - Assembly Automation\\Assembly 26\\Workspaces\\1094892576-M1\\1094892576-P36.ipt",
        "component_type": "kPartDocumentObject",
        "grounded": false,
        "suppressed": false,
        "visible": true,
        "adaptive": false,
        "flexible": false,
        "dof_translation": 0,
        "dof_rotation": 0,
        "fully_constrained": true,
        "transform": {
          "rotation_matrix": [
            [
              0.99999999999999978,
              2.038904752168743E-14,
              5.1174658305304107E-14
            ],
            [
              5.1341191755536283E-14,
              -2.6932380891104833E-10,
              -1.0000000000000024
            ],
            [
              -2.0750146263071009E-14,
              0.99999999999948508,
              -2.6932377032647087E-10
            ]
          ],
          "translation_cm": [
            207.49999999967824,
            -0.30000000649700009,
            -3.75006108735841
          ]
        }
      },
      {
        "node_id": "1094892576-P43.ipt:21",
        "file_name": "E:\\Phase 1\\New-Assemblies\\PRANA - Assembly Automation\\Assembly 26\\Workspaces\\1094892576-M1\\1094892576-P43.ipt",
        "component_type": "kPartDocumentObject",
        "grounded": false,
        "suppressed": false,
        "visible": true,
        "adaptive": false,
        "flexible": false,
        "dof_translation": 0,
        "dof_rotation": 0,
        "fully_constrained": true,
        "transform": {
          "rotation_matrix": [
            [
              -5.0228208419864532E-14,
              1.9474192681889685E-14,
              0.99999999999998057
            ],
            [
              0.99999999999997269,
              -2.6932339122840804E-10,
              4.9949153160387727E-14
            ],
            [
              2.6932358571662953E-10,
              0.99999999999948164,
              -2.0383559931073878E-14
            ]
          ],
          "translation_cm": [
            9.89999999967286,
            103.97499999349246,
            -3.7500610592704531
          ]
        }
      },
      {
        "node_id": "1094892576-P47.ipt:22",
        "file_name": "E:\\Phase 1\\New-Assemblies\\PRANA - Assembly Automation\\Assembly 26\\Workspaces\\1094892576-M1\\1094892576-P47.ipt",
        "component_type": "kPartDocumentObject",
        "grounded": false,
        "suppressed": false,
        "visible": true,
        "adaptive": false,
        "flexible": false,
        "dof_translation": 0,
        "dof_rotation": 0,
        "fully_constrained": true,
        "transform": {
          "rotation_matrix": [
            [
              1.0000000000000002,
              -1.7848641468694059E-15,
              1.3586335124142296E-15
            ],
            [
              -2.6210008659749134E-15,
              -1.0,
              2.693238161758773E-10
            ],
            [
              4.9523656022779509E-16,
              -2.6932377032647009E-10,
              -0.99999999999948341
            ]
          ],
          "translation_cm": [
            7.0999999996743606,
            74.599999992483177,
            -6.1067183713317186E-05
          ]
        }
      },
      {
        "node_id": "1094892576-P47.ipt:23",
        "file_name": "E:\\Phase 1\\New-Assemblies\\PRANA - Assembly Automation\\Assembly 26\\Workspaces\\1094892576-M1\\1094892576-P47.ipt",
        "component_type": "kPartDocumentObject",
        "grounded": false,
        "suppressed": false,
        "visible": true,
        "adaptive": false,
        "flexible": false,
        "dof_translation": 0,
        "dof_rotation": 0,
        "fully_constrained": true,
        "transform": {
          "rotation_matrix": [
            [
              1.0000000000000002,
              -1.6183306927232678E-15,
              1.3586335122506516E-15
            ],
            [
              -2.6210008659749134E-15,
              -1.0,
              2.6932381617587756E-10
            ],
            [
              4.9523656022779509E-16,
              -2.6932377032647009E-10,
              -0.99999999999948319
            ]
          ],
          "translation_cm": [
            163.09999999967437,
            74.599999992490922,
            -6.1067183636060273E-05
          ]
        }
      },
      {
        "node_id": "1094892576-P47.ipt:24",
        "file_name": "E:\\Phase 1\\New-Assemblies\\PRANA - Assembly Automation\\Assembly 26\\Workspaces\\1094892576-M1\\1094892576-P47.ipt",
        "component_type": "kPartDocumentObject",
        "grounded": false,
        "suppressed": false,
        "visible": true,
        "adaptive": false,
        "flexible": false,
        "dof_translation": 0,
        "dof_rotation": 0,
        "fully_constrained": true,
        "transform": {
          "rotation_matrix": [
            [
              5.0444681639696207E-14,
              -1.0000000000000007,
              -7.2540106227178873E-15
            ],
            [
              -1.0000000000000013,
              -5.1277471945209935E-14,
              2.6932290692937755E-10
            ],
            [
              -2.6932377032647025E-10,
              7.299860162624811E-15,
              -0.99999999999948341
            ]
          ],
          "translation_cm": [
            6.499999999679007,
            -16.150000007516887,
            -6.1091624888154258E-05
          ]
        }
      },
      {
        "node_id": "1094892576-P47.ipt:25",
        "file_name": "E:\\Phase 1\\New-Assemblies\\PRANA - Assembly Automation\\Assembly 26\\Workspaces\\1094892576-M1\\1094892576-P47.ipt",
        "component_type": "kPartDocumentObject",
        "grounded": false,
        "suppressed": false,
        "visible": true,
        "adaptive": false,
        "flexible": false,
        "dof_translation": 0,
        "dof_rotation": 0,
        "fully_constrained": true,
        "transform": {
          "rotation_matrix": [
            [
              -1.0000000000000002,
              5.1693805585792579E-14,
              -7.1114335677041211E-15
            ],
            [
              -5.1277471941096082E-14,
              -1.0,
              -2.69323724476779E-10
            ],
            [
              -7.9748305349847925E-15,
              -2.6932377032647009E-10,
              0.99999999999948341
            ]
          ],
          "translation_cm": [
            50.499999999679027,
            -16.150000006841388,
            -2.5000610916238628
          ]
        }
      },
      {
        "node_id": "1094892576-P47.ipt:26",
        "file_name": "E:\\Phase 1\\New-Assemblies\\PRANA - Assembly Automation\\Assembly 26\\Workspaces\\1094892576-M1\\1094892576-P47.ipt",
        "component_type": "kPartDocumentObject",
        "grounded": false,
        "suppressed": false,
        "visible": true,
        "adaptive": false,
        "flexible": false,
        "dof_translation": 0,
        "dof_rotation": 0,
        "fully_constrained": true,
        "transform": {
          "rotation_matrix": [
            [
              1.0000000000000002,
              -5.1693805585792572E-14,
              1.9161828820396727E-14
            ],
            [
              5.1277471948637182E-14,
              1.0,
              -2.6932381617588293E-10
            ],
            [
              -2.0025225760063111E-14,
              2.6932377032647009E-10,
              0.99999999999948341
            ]
          ],
          "translation_cm": [
            50.499999999676554,
            30.849999993158626,
            -2.5000610789656457
          ]
        }
      },
      {
        "node_id": "1094892576-P47.ipt:27",
        "file_name": "E:\\Phase 1\\New-Assemblies\\PRANA - Assembly Automation\\Assembly 26\\Workspaces\\1094892576-M1\\1094892576-P47.ipt",
        "component_type": "kPartDocumentObject",
        "grounded": false,
        "suppressed": false,
        "visible": true,
        "adaptive": false,
        "flexible": false,
        "dof_translation": 0,
        "dof_rotation": 0,
        "fully_constrained": true,
        "transform": {
          "rotation_matrix": [
            [
              1.0000000000000002,
              2.1179310509805422E-15,
              -1.6761595468775973E-15
            ],
            [
              -2.6210008659749134E-15,
              1.0,
              -2.693244195275894E-10
            ],
            [
              4.9523656022779509E-16,
              2.6932377032647009E-10,
              0.99999999999948341
            ]
          ],
          "translation_cm": [
            85.4999999996766,
            30.84999999316036,
            -2.5000610789652988
          ]
        }
      },
      {
        "node_id": "1094892576-P47.ipt:28",
        "file_name": "E:\\Phase 1\\New-Assemblies\\PRANA - Assembly Automation\\Assembly 26\\Workspaces\\1094892576-M1\\1094892576-P47.ipt",
        "component_type": "kPartDocumentObject",
        "grounded": false,
        "suppressed": false,
        "visible": true,
        "adaptive": false,
        "flexible": false,
        "dof_translation": 0,
        "dof_rotation": 0,
        "fully_constrained": true,
        "transform": {
          "rotation_matrix": [
            [
              1.0000000000000002,
              -1.9513975973061557E-15,
              1.3586335124521959E-15
            ],
            [
              -2.6210008659749134E-15,
              -1.0,
              2.6932381617587751E-10
            ],
            [
              4.9523656022779509E-16,
              -2.6932377032647009E-10,
              -0.99999999999948341
            ]
          ],
          "translation_cm": [
            85.499999999679,
            -16.150000007512965,
            -6.109162480664776E-05
          ]
        }
      },
      {
        "node_id": "1094892576-P47.ipt:29",
        "file_name": "E:\\Phase 1\\New-Assemblies\\PRANA - Assembly Automation\\Assembly 26\\Workspaces\\1094892576-M1\\1094892576-P47.ipt",
        "component_type": "kPartDocumentObject",
        "grounded": false,
        "suppressed": false,
        "visible": true,
        "adaptive": false,
        "flexible": false,
        "dof_translation": 0,
        "dof_rotation": 0,
        "fully_constrained": true,
        "transform": {
          "rotation_matrix": [
            [
              1.0000000000000002,
              -2.0069087485891123E-15,
              1.3586335124170567E-15
            ],
            [
              -2.6210008659749134E-15,
              -1.0,
              2.6932381617587751E-10
            ],
            [
              4.9523656022779509E-16,
              -2.6932377032647009E-10,
              -0.99999999999948319
            ]
          ],
          "translation_cm": [
            -28.500000000323396,
            30.84999999248139,
            -6.1078966645899393E-05
          ]
        }
      },
      {
        "node_id": "1094892576-P47.ipt:30",
        "file_name": "E:\\Phase 1\\New-Assemblies\\PRANA - Assembly Automation\\Assembly 26\\Workspaces\\1094892576-M1\\1094892576-P47.ipt",
        "component_type": "kPartDocumentObject",
        "grounded": false,
        "suppressed": false,
        "visible": true,
        "adaptive": false,
        "flexible": false,
        "dof_translation": 0,
        "dof_rotation": 0,
        "fully_constrained": true,
        "transform": {
          "rotation_matrix": [
            [
              -1.0000000000000002,
              5.1693805585792604E-14,
              -7.1114335677041243E-15
            ],
            [
              -5.12774719410961E-14,
              -1.0,
              -2.69323724476779E-10
            ],
            [
              -7.9748305349847688E-15,
              -2.6932377032647009E-10,
              0.99999999999948341
            ]
          ],
          "translation_cm": [
            6.4999999996766205,
            30.849999993156441,
            -2.5000610789653805
          ]
        }
      },
      {
        "node_id": "1094892576-P47.ipt:31",
        "file_name": "E:\\Phase 1\\New-Assemblies\\PRANA - Assembly Automation\\Assembly 26\\Workspaces\\1094892576-M1\\1094892576-P47.ipt",
        "component_type": "kPartDocumentObject",
        "grounded": false,
        "suppressed": false,
        "visible": true,
        "adaptive": false,
        "flexible": false,
        "dof_translation": 0,
        "dof_rotation": 0,
        "fully_constrained": true,
        "transform": {
          "rotation_matrix": [
            [
              1.0000000000000002,
              -2.0069087481108986E-15,
              1.3586335123633386E-15
            ],
            [
              -2.6210008659749134E-15,
              -1.0,
              2.6932381617587611E-10
            ],
            [
              4.9523656022779509E-16,
              -2.6932377032647009E-10,
              -0.9999999999994833
            ]
          ],
          "translation_cm": [
            -28.500000000320991,
            -16.150000007518617,
            -6.1091624863104729E-05
          ]
        }
      },
      {
        "node_id": "1094892576-P48.ipt:32",
        "file_name": "E:\\Phase 1\\New-Assemblies\\PRANA - Assembly Automation\\Assembly 26\\Workspaces\\1094892576-M1\\1094892576-P48.ipt",
        "component_type": "kPartDocumentObject",
        "grounded": false,
        "suppressed": false,
        "visible": true,
        "adaptive": false,
        "flexible": false,
        "dof_translation": 0,
        "dof_rotation": 0,
        "fully_constrained": true,
        "transform": {
          "rotation_matrix": [
            [
              -4.4480701430054982E-15,
              -4.3487489427029172E-15,
              1.0000000000000002
            ],
            [
              -2.6932388199772087E-10,
              -1.0,
              -5.1848856598589553E-15
            ],
            [
              0.99999999999948341,
              -2.6932377032647009E-10,
              3.6566306250804389E-15
            ]
          ],
          "translation_cm": [
            233.25999999967769,
            9.599999992922605,
            -1.5900610846903465
          ]
        }
      },
      {
        "node_id": "1094892576-P50.ipt:33",
        "file_name": "E:\\Phase 1\\New-Assemblies\\PRANA - Assembly Automation\\Assembly 26\\Workspaces\\1094892576-M1\\1094892576-P50.ipt",
        "component_type": "kPartDocumentObject",
        "grounded": false,
        "suppressed": false,
        "visible": true,
        "adaptive": false,
        "flexible": false,
        "dof_translation": 0,
        "dof_rotation": 0,
        "fully_constrained": true,
        "transform": {
          "rotation_matrix": [
            [
              1.0000000000000002,
              2.0068432894650776E-15,
              5.1618006607235372E-15
            ],
            [
              -2.6209354096673149E-15,
              1.0,
              -2.6932381617581873E-10
            ],
            [
              -6.0251976129712073E-15,
              2.6932377032647009E-10,
              0.99999999999948053
            ]
          ],
          "translation_cm": [
            -48.750000000324093,
            44.899999992763178,
            -1.0500610751817943
          ]
        }
      },
      {
        "node_id": "1094892576-P50.ipt:34",
        "file_name": "E:\\Phase 1\\New-Assemblies\\PRANA - Assembly Automation\\Assembly 26\\Workspaces\\1094892576-M1\\1094892576-P50.ipt",
        "component_type": "kPartDocumentObject",
        "grounded": false,
        "suppressed": false,
        "visible": true,
        "adaptive": false,
        "flexible": false,
        "dof_translation": 0,
        "dof_rotation": 0,
        "fully_constrained": true,
        "transform": {
          "rotation_matrix": [
            [
              1.0000000000000002,
              -5.8371465113700822E-17,
              5.1618006730292987E-15
            ],
            [
              -5.0020950198965984E-16,
              1.0,
              -2.6932381617588712E-10
            ],
            [
              -6.0251976264844E-15,
              2.6932377032647009E-10,
              0.99999999999948341
            ]
          ],
          "translation_cm": [
            152.24999999967102,
            142.24999999277327,
            -1.0500610489643385
          ]
        }
      },
      {
        "node_id": "1094892576-P50.ipt:35",
        "file_name": "E:\\Phase 1\\New-Assemblies\\PRANA - Assembly Automation\\Assembly 26\\Workspaces\\1094892576-M1\\1094892576-P50.ipt",
        "component_type": "kPartDocumentObject",
        "grounded": false,
        "suppressed": false,
        "visible": true,
        "adaptive": false,
        "flexible": false,
        "dof_translation": 0,
        "dof_rotation": 0,
        "fully_constrained": true,
        "transform": {
          "rotation_matrix": [
            [
              1.0000000000000004,
              1.6905405801446877E-15,
              -1.4995374859214512E-15
            ],
            [
              -2.1936103697490851E-15,
              1.0,
              -2.693238161758088E-10
            ],
            [
              6.3614053489142653E-16,
              2.6932377032647E-10,
              0.99999999999948341
            ]
          ],
          "translation_cm": [
            233.34999999967661,
            32.549999992777188,
            -1.0500610785096449
          ]
        }
      },
      {
        "node_id": "1094892576-P50.ipt:36",
        "file_name": "E:\\Phase 1\\New-Assemblies\\PRANA - Assembly Automation\\Assembly 26\\Workspaces\\1094892576-M1\\1094892576-P50.ipt",
        "component_type": "kPartDocumentObject",
        "grounded": false,
        "suppressed": false,
        "visible": true,
        "adaptive": false,
        "flexible": false,
        "dof_translation": 0,
        "dof_rotation": 0,
        "fully_constrained": true,
        "transform": {
          "rotation_matrix": [
            [
              2.249049422981101E-16,
              1.0000000000000004,
              5.16180067471841E-15
            ],
            [
              -1.0,
              -3.8918717405903871E-16,
              -2.6932195105413768E-10
            ],
            [
              -2.69321905204721E-10,
              -6.0251976264544053E-15,
