{
  "assembly_metadata": {
    "assembly_name": "1094892015-M20.iam",
    "full_file_name": "E:\\Phase 1\\New-Assemblies\\PRANA - Assembly Automation\\Assembly 21\\Workspaces\\1094892015-M20\\1094892015-M20.iam",
    "internal_name": "{C0B77F46-470A-34DC-199F-A3A60DBF7205}",
    "total_occurrences": 27,
    "total_constraints": 35
  },
  "physics": {
    "mass_kg": 35.742704513668272,
    "center_of_mass": [
      -2.1078160972204678,
      18.3804816384848,
      6.8954726104199455
    ],
    "inertia_tensor": [
      96115.717003488957,
      35681.8759074796,
      115959.66334153296,
      293.1444566670479,
      -14646.378187969447,
      -633.81145232949552
    ]
  },
  "assembly_graph": {
    "nodes": [
      {
        "node_id": "1094892015-M50.ipt:1",
        "file_name": "E:\\Phase 1\\New-Assemblies\\PRANA - Assembly Automation\\Assembly 21\\Workspaces\\1094892015-M20\\1094892015-M50.ipt",
        "component_type": "kPartDocumentObject",
        "grounded": true,
        "suppressed": false,
        "visible": true,
        "adaptive": false,
        "flexible": false,
        "dof_translation": 0,
        "dof_rotation": 0,
        "fully_constrained": false,
        "transform": {
          "rotation_matrix": [
            [
              0.99999999999999989,
              9.8607613152626476E-31,
              2.5153490401663722E-14
            ],
            [
              -4.4373425918681914E-31,
              1.0,
              3.1554436208840472E-30
            ],
            [
              -2.5153490401663668E-14,
              -2.5243548967072378E-29,
              0.99999999999999989
            ]
          ],
          "translation_cm": [
            0.0,
            -2.8421709430404007E-14,
            -2.8421709430404007E-14
          ]
        }
      },
      {
        "node_id": "1094892015-M54.ipt:2",
        "file_name": "E:\\Phase 1\\New-Assemblies\\PRANA - Assembly Automation\\Assembly 21\\Workspaces\\1094892015-M20\\1094892015-M54.ipt",
        "component_type": "kPartDocumentObject",
        "grounded": false,
        "suppressed": false,
        "visible": true,
        "adaptive": false,
        "flexible": false,
        "dof_translation": 0,
        "dof_rotation": 0,
        "fully_constrained": true,
        "transform": {
          "rotation_matrix": [
            [
              -1.0000000000000004,
              5.5511151228480568E-17,
              -2.5156646530723391E-14
            ],
            [
              -8.3266726845942067E-17,
              1.0,
              -9.3604617222513988E-17
            ],
            [
              2.515349040166369E-14,
              -2.8734296991180591E-29,
              -1.0000000000000004
            ]
          ],
          "translation_cm": [
            31.450000000000024,
            -35.000000000000028,
            1.7999999999991816
          ]
        }
      },
      {
        "node_id": "1094892015-M54.ipt:3",
        "file_name": "E:\\Phase 1\\New-Assemblies\\PRANA - Assembly Automation\\Assembly 21\\Workspaces\\1094892015-M20\\1094892015-M54.ipt",
        "component_type": "kPartDocumentObject",
        "grounded": false,
        "suppressed": false,
        "visible": true,
        "adaptive": false,
        "flexible": false,
        "dof_translation": 0,
        "dof_rotation": 1,
        "fully_constrained": false,
        "transform": {
          "rotation_matrix": [
            [
              0.99999999999999978,
              5.5511151231256262E-17,
              -5.030698080332733E-14
            ],
            [
              1.1102230246251442E-16,
              -1.0,
              -2.8110103096298412E-29
            ],
            [
              -5.0279225227711688E-14,
              2.2452491291666466E-29,
              -0.99999999999999956
            ]
          ],
          "translation_cm": [
            16.450000000000085,
            39.39999999999997,
            1.7999999999995571
          ]
        }
      },
      {
        "node_id": "1094892015-M54.ipt:4",
        "file_name": "E:\\Phase 1\\New-Assemblies\\PRANA - Assembly Automation\\Assembly 21\\Workspaces\\1094892015-M20\\1094892015-M54.ipt",
        "component_type": "kPartDocumentObject",
        "grounded": false,
        "suppressed": false,
        "visible": true,
        "adaptive": false,
        "flexible": false,
        "dof_translation": 0,
        "dof_rotation": 0,
        "fully_constrained": true,
        "transform": {
          "rotation_matrix": [
            [
              -1.0000000000000016,
              4.99600361078696E-16,
              -2.5024999070616136E-14
            ],
            [
              5.551115123233297E-17,
              1.0000000000000013,
              2.5114823325639385E-17
            ],
            [
              2.5153490401663709E-14,
              -3.6413942644425288E-29,
              -0.99999999999999978
            ]
          ],
          "translation_cm": [
            16.450000000000024,
            -35.000000000000043,
            1.7999999999995566
          ]
        }
      },
      {
        "node_id": "1094892015-M54.ipt:5",
        "file_name": "E:\\Phase 1\\New-Assemblies\\PRANA - Assembly Automation\\Assembly 21\\Workspaces\\1094892015-M20\\1094892015-M54.ipt",
        "component_type": "kPartDocumentObject",
        "grounded": false,
        "suppressed": false,
        "visible": true,
        "adaptive": false,
        "flexible": false,
        "dof_translation": 0,
        "dof_rotation": 0,
        "fully_constrained": true,
        "transform": {
          "rotation_matrix": [
            [
              -1.0000000000000002,
              6.1062266354384438E-16,
              -2.5004925911863528E-14
            ],
            [
              1.5735246081846891E-28,
              1.0000000000000009,
              -7.810645574360918E-17
            ],
            [
              2.5153490401663678E-14,
              -4.0602840273556828E-29,
              -1.0
            ]
          ],
          "translation_cm": [
            31.450000000000028,
            39.39999999999997,
            1.7999999999991805
          ]
        }
      },
      {
        "node_id": "1094892015-M57.ipt:6",
        "file_name": "E:\\Phase 1\\New-Assemblies\\PRANA - Assembly Automation\\Assembly 21\\Workspaces\\1094892015-M20\\1094892015-M57.ipt",
        "component_type": "kPartDocumentObject",
        "grounded": false,
        "suppressed": false,
        "visible": true,
        "adaptive": false,
        "flexible": false,
        "dof_translation": 0,
        "dof_rotation": 0,
        "fully_constrained": true,
        "transform": {
          "rotation_matrix": [
            [
              -2.4825909305478571E-14,
              -4.2647792688486169E-30,
              0.99999999999999345
            ],
            [
              -1.4299136315356885E-15,
              0.99999999999999478,
              -3.8857805861979254E-16
            ],
            [
              -0.99999999999999578,
              -2.1579248598067263E-16,
              -2.5439957065365767E-14
            ]
          ],
          "translation_cm": [
            -47.300000000000011,
            -76.800000000000011,
            -1.4999999999988713
          ]
        }
      },
      {
        "node_id": "1094892015-M48.ipt:7",
        "file_name": "E:\\Phase 1\\New-Assemblies\\PRANA - Assembly Automation\\Assembly 21\\Workspaces\\1094892015-M20\\1094892015-M48.ipt",
        "component_type": "kPartDocumentObject",
        "grounded": false,
        "suppressed": false,
        "visible": true,
        "adaptive": false,
        "flexible": false,
        "dof_translation": 0,
        "dof_rotation": 0,
        "fully_constrained": true,
        "transform": {
          "rotation_matrix": [
            [
              2.4764676965521162E-14,
              -1.000000000000008,
              5.4280593890576369E-18
            ],
            [
              1.2407999258584798E-15,
              -3.1712026955843864E-15,
              -1.0000000000000022
            ],
            [
              0.99999999999999412,
              2.4565397859727406E-14,
              -9.5189054777620552E-16
            ]
          ],
          "translation_cm": [
            41.400000000000674,
            6.9000000000001132,
            -1.5000000000010387
          ]
        }
      },
      {
        "node_id": "1094892015-M45.ipt:8",
        "file_name": "E:\\Phase 1\\New-Assemblies\\PRANA - Assembly Automation\\Assembly 21\\Workspaces\\1094892015-M20\\1094892015-M45.ipt",
        "component_type": "kPartDocumentObject",
        "grounded": false,
        "suppressed": false,
        "visible": true,
        "adaptive": false,
        "flexible": false,
        "dof_translation": 0,
        "dof_rotation": 0,
        "fully_constrained": true,
        "transform": {
          "rotation_matrix": [
            [
              -2.4572219388687717E-14,
              -4.7535557844386913E-17,
              -0.99999999999999833
            ],
            [
              -1.398502060038187E-15,
              -0.99999999999999745,
              4.7535557844428427E-17
            ],
            [
              -0.99999999999999567,
              1.39850206003794E-15,
              2.4572219388687603E-14
            ]
          ],
          "translation_cm": [
            5.199999999999946,
            77.299999999999841,
            -1.5000000000003004
          ]
        }
      },
      {
        "node_id": "1094892015-M49.ipt:9",
        "file_name": "E:\\Phase 1\\New-Assemblies\\PRANA - Assembly Automation\\Assembly 21\\Workspaces\\1094892015-M20\\1094892015-M49.ipt",
        "component_type": "kPartDocumentObject",
        "grounded": false,
        "suppressed": false,
        "visible": true,
        "adaptive": false,
        "flexible": false,
        "dof_translation": 0,
        "dof_rotation": 0,
        "fully_constrained": true,
        "transform": {
          "rotation_matrix": [
            [
              -2.4887141645436147E-14,
              1.1241008124330327E-15,
              0.99999999999999922
            ],
            [
              -2.7921159859019464E-16,
              1.0000000000000018,
              -2.4034697146965096E-31
            ],
            [
              -1.000000000000004,
              6.5983202841786971E-17,
              -2.733102800188036E-14
            ]
          ],
          "translation_cm": [
            5.5999999999999694,
            -76.900000000000063,
            -1.5000000000002371
          ]
        }
      },
      {
        "node_id": "1094892015-M55.ipt:10",
        "file_name": "E:\\Phase 1\\New-Assemblies\\PRANA - Assembly Automation\\Assembly 21\\Workspaces\\1094892015-M20\\1094892015-M55.ipt",
        "component_type": "kPartDocumentObject",
        "grounded": false,
        "suppressed": false,
        "visible": true,
        "adaptive": false,
        "flexible": false,
        "dof_translation": 0,
        "dof_rotation": 1,
        "fully_constrained": false,
        "transform": {
          "rotation_matrix": [
            [
              1.0,
              2.2619332146888678E-18,
              -2.2619332146888555E-18
            ],
            [
              2.2619332146888678E-18,
              -5.4985172186281359E-15,
              1.0
            ],
            [
              2.2619332146888555E-18,
              -1.0,
              -5.4985172186281359E-15
            ]
          ],
          "translation_cm": [
            -44.59999999999868,
            73.700000000000244,
            49.600000000001046
          ]
        }
      },
      {
        "node_id": "1094892015-M55.ipt:11",
        "file_name": "E:\\Phase 1\\New-Assemblies\\PRANA - Assembly Automation\\Assembly 21\\Workspaces\\1094892015-M20\\1094892015-M55.ipt",
        "component_type": "kPartDocumentObject",
        "grounded": false,
        "suppressed": false,
        "visible": true,
        "adaptive": false,
        "flexible": false,
        "dof_translation": 0,
        "dof_rotation": 1,
        "fully_constrained": false,
        "transform": {
          "rotation_matrix": [
            [
              -0.9659172669241296,
              -0.25885098697478726,
              -2.2619332146882546E-18
            ],
            [
              -1.4254814492884356E-15,
              5.3105272203074661E-15,
              1.0
            ],
            [
              -0.25885098697478726,
              0.9659172669241296,
              -5.4985172186281344E-15
            ]
          ],
          "translation_cm": [
            -44.599999999999838,
            73.699999999999989,
            2.7000000000010647
          ]
        }
      },
      {
        "node_id": "1094892015-M55.ipt:12",
        "file_name": "E:\\Phase 1\\New-Assemblies\\PRANA - Assembly Automation\\Assembly 21\\Workspaces\\1094892015-M20\\1094892015-M55.ipt",
        "component_type": "kPartDocumentObject",
        "grounded": false,
        "suppressed": false,
        "visible": true,
        "adaptive": false,
        "flexible": false,
        "dof_translation": 0,
        "dof_rotation": 1,
        "fully_constrained": false,
        "transform": {
          "rotation_matrix": [
            [
              1.0,
              2.2619332146888678E-18,
              -2.2619332146888555E-18
            ],
            [
              2.2619332146888678E-18,
              -5.4985172186281359E-15,
              1.0
            ],
            [
              2.2619332146888555E-18,
              -1.0,
              -5.4985172186281359E-15
            ]
          ],
          "translation_cm": [
            44.600000000000094,
            73.699999999999989,
            2.6999999999988185
          ]
        }
      },
      {
        "node_id": "1094892015-M55.ipt:13",
        "file_name": "E:\\Phase 1\\New-Assemblies\\PRANA - Assembly Automation\\Assembly 21\\Workspaces\\1094892015-M20\\1094892015-M55.ipt",
        "component_type": "kPartDocumentObject",
        "grounded": false,
        "suppressed": false,
        "visible": true,
        "adaptive": false,
        "flexible": false,
        "dof_translation": 0,
        "dof_rotation": 1,
        "fully_constrained": false,
        "transform": {
          "rotation_matrix": [
            [
              1.0,
              2.2619332146888678E-18,
              -2.2619332146888555E-18
            ],
            [
              2.2619332146888678E-18,
              -5.4985172186281359E-15,
              1.0
            ],
            [
              2.2619332146888555E-18,
              -1.0,
              -5.4985172186281359E-15
            ]
          ],
          "translation_cm": [
            44.600000000001273,
            73.700000000000244,
            49.5999999999988
          ]
        }
      },
      {
        "node_id": "1094892015-M54.ipt:14",
        "file_name": "E:\\Phase 1\\New-Assemblies\\PRANA - Assembly Automation\\Assembly 21\\Workspaces\\1094892015-M20\\1094892015-M54.ipt",
        "component_type": "kPartDocumentObject",
        "grounded": false,
        "suppressed": false,
        "visible": true,
        "adaptive": false,
        "flexible": false,
        "dof_translation": 0,
        "dof_rotation": 0,
        "fully_constrained": true,
        "transform": {
          "rotation_matrix": [
            [
              -1.0,
              2.7755575615618875E-16,
              2.4991260039903812E-14
            ],
            [
              -5.5511151230948618E-17,
              -1.0,
              1.3495812924696733E-16
            ],
            [
              2.5153490401663671E-14,
              1.9658352128344133E-29,
              0.99999999999999978
            ]
          ],
          "translation_cm": [
            -42.499999999999972,
            71.499999999999972,
            0.20000000000104054
          ]
        }
      },
      {
        "node_id": "1094892015-M54.ipt:15",
        "file_name": "E:\\Phase 1\\New-Assemblies\\PRANA - Assembly Automation\\Assembly 21\\Workspaces\\1094892015-M20\\1094892015-M54.ipt",
        "component_type": "kPartDocumentObject",
        "grounded": false,
        "suppressed": false,
        "visible": true,
        "adaptive": false,
        "flexible": false,
        "dof_translation": 0,
        "dof_rotation": 0,
        "fully_constrained": true,
        "transform": {
          "rotation_matrix": [
            [
              -0.99999999999999978,
              -5.551115123131784E-16,
              2.5244204336009805E-14
            ],
            [
              -5.5511151230605852E-17,
              -0.99999999999999956,
              7.2821298615918748E-17
            ],
            [
              2.5153490401663659E-14,
              4.0602840273559227E-29,
              1.0
            ]
          ],
          "translation_cm": [
            5.0306980803328131E-15,
            71.499999999999972,
            0.19999999999997151
          ]
        }
      },
      {
        "node_id": "1094892015-M54.ipt:16",
        "file_name": "E:\\Phase 1\\New-Assemblies\\PRANA - Assembly Automation\\Assembly 21\\Workspaces\\1094892015-M20\\1094892015-M54.ipt",
        "component_type": "kPartDocumentObject",
        "grounded": false,
        "suppressed": false,
        "visible": true,
        "adaptive": false,
        "flexible": false,
        "dof_translation": 0,
        "dof_rotation": 0,
        "fully_constrained": true,
        "transform": {
          "rotation_matrix": [
            [
              -0.99999999999999933,
              5.551115123125726E-17,
              2.514024728657419E-14
            ],
            [
              5.551115123125755E-17,
              -0.99999999999999956,
              5.3622197395105167E-17
            ],
            [
              2.5153490401663656E-14,
              2.245095054771088E-29,
              1.0
            ]
          ],
          "translation_cm": [
            -42.499999999999972,
            -0.50000000000003553,
            0.20000000000104054
          ]
        }
      },
      {
        "node_id": "1094892015-M54.ipt:17",
        "file_name": "E:\\Phase 1\\New-Assemblies\\PRANA - Assembly Automation\\Assembly 21\\Workspaces\\1094892015-M20\\1094892015-M54.ipt",
        "component_type": "kPartDocumentObject",
        "grounded": false,
        "suppressed": false,
        "visible": true,
        "adaptive": false,
        "flexible": false,
        "dof_translation": 0,
        "dof_rotation": 0,
        "fully_constrained": true,
        "transform": {
          "rotation_matrix": [
            [
              -0.99999999999999956,
              -1.1102230246250513E-16,
              2.538275252885979E-14
            ],
            [
              -3.3306690738755796E-16,
              -0.99999999999999911,
              -1.7001725761201712E-16
            ],
            [
              2.5153490401663659E-14,
              3.6413942644518306E-29,
              0.99999999999999922
            ]
          ],
          "translation_cm": [
            42.499999999999986,
            -0.500000000000032,
            0.19999999999890247
          ]
        }
      },
      {
        "node_id": "1094892015-M54.ipt:18",
        "file_name": "E:\\Phase 1\\New-Assemblies\\PRANA - Assembly Automation\\Assembly 21\\Workspaces\\1094892015-M20\\1094892015-M54.ipt",
        "component_type": "kPartDocumentObject",
        "grounded": false,
        "suppressed": false,
        "visible": true,
        "adaptive": false,
        "flexible": false,
        "dof_translation": 0,
        "dof_rotation": 0,
        "fully_constrained": true,
        "transform": {
          "rotation_matrix": [
            [
              -1.0000000000000002,
              1.1102230246251652E-16,
              2.4888026803755407E-14
            ],
            [
              8.9671298210733583E-31,
              -1.0000000000000002,
              -1.0589744113013494E-16
            ],
            [
              2.5153490401663684E-14,
              2.2450950547710838E-29,
              1.0000000000000002
            ]
          ],
          "translation_cm": [
            42.499999999999986,
            -62.500000000000036,
            0.19999999999890247
          ]
        }
      },
      {
        "node_id": "1094892015-M54.ipt:19",
        "file_name": "E:\\Phase 1\\New-Assemblies\\PRANA - Assembly Automation\\Assembly 21\\Workspaces\\1094892015-M20\\1094892015-M54.ipt",
        "component_type": "kPartDocumentObject",
        "grounded": false,
        "suppressed": false,
        "visible": true,
        "adaptive": false,
        "flexible": false,
        "dof_translation": 0,
        "dof_rotation": 0,
        "fully_constrained": true,
        "transform": {
          "rotation_matrix": [
            [
              -0.99999999999999944,
              -3.3306690738683028E-16,
              2.5104668593525977E-14
            ],
            [
              -6.150553566810363E-28,
              -0.99999999999999956,
              2.5409792653616933E-17
            ],
            [
              2.5153490401663659E-14,
              3.362134422515427E-29,
              1.0
            ]
          ],
          "translation_cm": [
            -42.499999999999972,
            -62.50000000000005,
            0.2000000000010406
          ]
        }
      },
      {
        "node_id": "1094892015-M23.ipt:20",
        "file_name": "E:\\Phase 1\\New-Assemblies\\PRANA - Assembly Automation\\Assembly 21\\Workspaces\\1094892015-M20\\1094892015-M23.ipt",
        "component_type": "kPartDocumentObject",
        "grounded": false,
        "suppressed": false,
        "visible": true,
        "adaptive": false,
        "flexible": false,
        "dof_translation": 0,
        "dof_rotation": 0,
        "fully_constrained": true,
        "transform": {
          "rotation_matrix": [
            [
              -2.5033285425336502E-14,
              1.0,
              -4.4373425918216105E-31
            ],
            [
              -2.5243548967072378E-29,
              -4.4373425918684156E-31,
              -1.0
            ],
            [
              -1.0,
              -2.5033285425336502E-14,
              2.5243548967072378E-29
            ]
          ],
          "translation_cm": [
            45.29999999999999,
            -56.500000000000028,
            1.1499999999988206
          ]
        }
      },
      {
        "node_id": "1094892015-M23.ipt:21",
        "file_name": "E:\\Phase 1\\New-Assemblies\\PRANA - Assembly Automation\\Assembly 21\\Workspaces\\1094892015-M20\\1094892015-M23.ipt",
        "component_type": "kPartDocumentObject",
        "grounded": false,
        "suppressed": false,
        "visible": true,
        "adaptive": false,
        "flexible": false,
        "dof_translation": 0,
        "dof_rotation": 0,
        "fully_constrained": true,
        "transform": {
          "rotation_matrix": [
            [
              -2.503328542533649E-14,
              0.99999999999999944,
              -8.2122923362270958E-28
            ],
            [
              -1.8932661725332113E-29,
              2.8252379689225179E-28,
              -0.99999999999999944
            ],
            [
              -1.0,
              -2.5033285425336496E-14,
              2.5243548967100107E-29
            ]
          ],
          "translation_cm": [
            45.299999999999983,
            16.999999999999968,
            1.1499999999988209
          ]
        }
      },
      {
        "node_id": "1094892015-M54.ipt:22",
        "file_name": "E:\\Phase 1\\New-Assemblies\\PRANA - Assembly Automation\\Assembly 21\\Workspaces\\1094892015-M20\\1094892015-M54.ipt",
        "component_type": "kPartDocumentObject",
        "grounded": false,
        "suppressed": false,
        "visible": true,
        "adaptive": false,
        "flexible": false,
        "dof_translation": 0,
        "dof_rotation": 0,
        "fully_constrained": true,
        "transform": {
          "rotation_matrix": [
            [
              -1.0000000000000002,
              -7.2164496600662213E-16,
              2.529857230657493E-14
            ],
            [
              5.5511151231176316E-17,
              -1.0000000000000007,
              1.0130642622543906E-17
            ],
            [
              2.5153490401663678E-14,
              4.1999139483250169E-29,
              0.99999999999999989
            ]
          ],
          "translation_cm": [
            42.499999999999986,
            39.39999999999997,
            0.19999999999890242
          ]
        }
      },
      {
        "node_id": "1094892015-M54.ipt:23",
        "file_name": "E:\\Phase 1\\New-Assemblies\\PRANA - Assembly Automation\\Assembly 21\\Workspaces\\1094892015-M20\\1094892015-M54.ipt",
        "component_type": "kPartDocumentObject",
        "grounded": false,
        "suppressed": false,
        "visible": true,
        "adaptive": false,
        "flexible": false,
        "dof_translation": 0,
        "dof_rotation": 1,
        "fully_constrained": false,
        "transform": {
          "rotation_matrix": [
            [
              -0.50338505818756885,
              0.86406219868334455,
              2.1391418198412131E-14
            ],
            [
              -0.86406219868334522,
              -0.50338505818756951,
              5.8193273531361468E-16
            ],
            [
              1.1119378221395382E-14,
              -1.9086451291509211E-14,
              0.99999999999999756
            ]
          ],
          "translation_cm": [
            7.8550496035361153E-15,
            39.399999999999984,
            0.19999999999997151
          ]
        }
      },
      {
        "node_id": "1094892015-M54.ipt:24",
        "file_name": "E:\\Phase 1\\New-Assemblies\\PRANA - Assembly Automation\\Assembly 21\\Workspaces\\1094892015-M20\\1094892015-M54.ipt",
        "component_type": "kPartDocumentObject",
        "grounded": false,
        "suppressed": false,
        "visible": true,
        "adaptive": false,
        "flexible": false,
        "dof_translation": 0,
        "dof_rotation": 0,
        "fully_constrained": true,
        "transform": {
          "rotation_matrix": [
            [
              -1.0000000000000004,
              -9.9920072216264562E-16,
              2.5326406857232456E-14
            ],
            [
              -5.55111512312601E-17,
              -0.99999999999999956,
              -3.5010103881322766E-16
            ],
            [
              2.5153490401663684E-14,
              5.1773233951006664E-29,
              1.0000000000000004
            ]
          ],
          "translation_cm": [
            5.0306980803327406E-15,
            -0.50000000000003553,
            0.19999999999997151
          ]
        }
      },
      {
        "node_id": "1094892015-M23.ipt:25",
        "file_name": "E:\\Phase 1\\New-Assemblies\\PRANA - Assembly Automation\\Assembly 21\\Workspaces\\1094892015-M20\\1094892015-M23.ipt",
        "component_type": "kPartDocumentObject",
        "grounded": false,
        "suppressed": false,
        "visible": true,
        "adaptive": false,
        "flexible": false,
        "dof_translation": 0,
        "dof_rotation": 0,
        "fully_constrained": true,
        "transform": {
          "rotation_matrix": [
            [
              2.5153490401663678E-14,
              1.0,
              -6.2502848391132855E-29
            ],
            [
              3.1554436208848706E-29,
              4.0402476323582948E-28,
              1.0
            ],
            [
              1.0,
              -2.5153490401663671E-14,
              -2.5243548967080954E-29
            ]
          ],
          "translation_cm": [
            45.299999999999969,
            55.299999999999969,
            0.19999999999882068
          ]
        }
      },
      {
        "node_id": "1094892015-M54.ipt:26",
        "file_name": "E:\\Phase 1\\New-Assemblies\\PRANA - Assembly Automation\\Assembly 21\\Workspaces\\1094892015-M20\\1094892015-M54.ipt",
        "component_type": "kPartDocumentObject",
        "grounded": false,
        "suppressed": false,
        "visible": true,
        "adaptive": false,
        "flexible": false,
        "dof_translation": 0,
        "dof_rotation": 0,
        "fully_constrained": true,
        "transform": {
          "rotation_matrix": [
            [
              -1.0000000000000002,
              -4.9960036108255974E-16,
              -2.5339846553534583E-14
            ],
            [
              6.0965039728263611E-28,
              1.0000000000000002,
              1.4093593873600979E-16
            ],
            [
              2.5153490401663684E-14,
              -1.267685607989916E-29,
              -1.0000000000000004
            ]
          ],
          "translation_cm": [
            16.450000000000024,
            -28.600000000000023,
            1.7999999999995586
          ]
        }
      },
      {
        "node_id": "1094892015-M54.ipt:27",
        "file_name": "E:\\Phase 1\\New-Assemblies\\PRANA - Assembly Automation\\Assembly 21\\Workspaces\\1094892015-M20\\1094892015-M54.ipt",
        "component_type": "kPartDocumentObject",
        "grounded": false,
        "suppressed": false,
        "visible": true,
        "adaptive": false,
        "flexible": false,
        "dof_translation": 0,
        "dof_rotation": 0,
        "fully_constrained": true,
        "transform": {
          "rotation_matrix": [
            [
              -1.0000000000000002,
              2.7755575615512394E-16,
              -2.5125922106968448E-14
            ],
            [
              -2.7755575615034137E-17,
              0.99999999999999967,
              1.6243171516519978E-17
            ],
            [
              2.5153490401663674E-14,
              -3.2923194620272166E-29,
              -0.99999999999999978
            ]
          ],
          "translation_cm": [
            31.450000000000021,
            -28.60000000000003,
            1.7999999999991805
          ]
        }
      }
    ],
    "constraint_edges": [
      {
        "constraint_name": "Insert:30",
        "constraint_type": "kInsertConstraint",
        "suppressed": false,
        "health_status": "kUpToDateHealth",
        "node_one_id": "1094892015-M54.ipt:2",
        "node_two_id": "1094892015-M50.ipt:1",
        "offset_cm": null,
        "angle_rad": null,
        "entity_one": {
          "entity_type": "67120288",
          "proxy_context_occurrence": "1094892015-M54.ipt:2",
          "owner_document": "E:\\Phase 1\\New-Assemblies\\PRANA - Assembly Automation\\Assembly 21\\Workspaces\\1094892015-M20\\1094892015-M54.ipt",
          "reference_key_string": "AQQBABAAAAAAAAAAAgAAAAQAAAAGAAAA",
          "context_key_string": "nsIrpNQR6AFgAC2z7in7sAQAAB5AAADIMgIotS/9IIFFAwBkBQABAADtN0PA0xEdDmAAALgylIewAAABAQAAsS28CdARH+wACNywOz6oCQIBAACyBAAAAFQAZQBzAHQA2h1/n2BH+n/GwPuZTVro1wD/////AAAAAAAABgBICM1Q4SAAYOo/XxjmxA==",
          "surface_type": null,
          "area_cm2": null,
          "face_normal_at_center": null,
          "face_point_at_center": null,
          "face_bbox_min": null,
          "face_bbox_max": null,
          "loops": [],
          "curve_type": "kCircleCurve",
          "length_cm": 2.0882166368411359,
          "edge_midpoint": [
            -0.33235000000000003,
            1.0689191252400605E-16,
            1.6
          ],
          "edge_tangent_at_mid": [
            3.2162452993532732E-16,
            1.0,
            0.0
          ],
          "work_feature_name": null
        },
        "entity_two": {
          "entity_type": "67120288",
          "proxy_context_occurrence": "1094892015-M50.ipt:1",
          "owner_document": "E:\\Phase 1\\New-Assemblies\\PRANA - Assembly Automation\\Assembly 21\\Workspaces\\1094892015-M20\\1094892015-M50.ipt",
          "reference_key_string": "AQQBABAAAAAAAAAAAgAAAAQAAAAGAAAA",
          "context_key_string": "nsIrpNQR6AFgAC2z7in7sAQAAB5AAADIMgIotS/9IIFFAwBkBQABAADtN0PA0xEdDmAAALgylIewAAABAQAAsS28CdARH+wACNywOz6oCQIBAACyBAAAAFQAZQBzAHQAvo96JrhBn3FB26KW7qUmxgD/////AAAAAAAABgBICM1Q4SAAYOo/XxjmxA==",
          "surface_type": null,
          "area_cm2": null,
          "face_normal_at_center": null,
          "face_point_at_center": null,
          "face_bbox_min": null,
          "face_bbox_max": null,
          "loops": [],
          "curve_type": "kCircleCurve",
          "length_cm": 3.4557519189487729,
          "edge_midpoint": [
            30.899999999999995,
            -35.0,
            0.2
          ],
          "edge_tangent_at_mid": [
            0.0,
            1.0,
            0.0
          ],
          "work_feature_name": null
        }
      },
      {
        "constraint_name": "Insert:31",
        "constraint_type": "kInsertConstraint",
        "suppressed": false,
        "health_status": "kUpToDateHealth",
        "node_one_id": "1094892015-M54.ipt:5",
        "node_two_id": "1094892015-M50.ipt:1",
        "offset_cm": null,
        "angle_rad": null,
        "entity_one": {
          "entity_type": "67120288",
          "proxy_context_occurrence": "1094892015-M54.ipt:5",
          "owner_document": "E:\\Phase 1\\New-Assemblies\\PRANA - Assembly Automation\\Assembly 21\\Workspaces\\1094892015-M20\\1094892015-M54.ipt",
          "reference_key_string": "AQQBABAAAAAAAAAAAgAAAAQAAAAGAAAA",
          "context_key_string": "nsIrpNQR6AFgAC2z7in7sAQAAB5AAADIMgIotS/9IIFFAwBkBQABAADtN0PA0xEdDmAAALgylIewAAABAQAAsS28CdARH+wACNywOz6oCQIBAACyBAAAAFQAZQBzAHQA2h1/n2BH+n/GwPuZTVro1wD/////AAAAAAAABgBICM1Q4SAAYOo/XxjmxA==",
          "surface_type": null,
          "area_cm2": null,
          "face_normal_at_center": null,
          "face_point_at_center": null,
          "face_bbox_min": null,
          "face_bbox_max": null,
          "loops": [],
          "curve_type": "kCircleCurve",
          "length_cm": 2.0882166368411359,
          "edge_midpoint": [
            -0.33235000000000003,
            1.0689191252400605E-16,
            1.6
          ],
          "edge_tangent_at_mid": [
            3.2162452993532732E-16,
            1.0,
            0.0
          ],
          "work_feature_name": null
        },
        "entity_two": {
          "entity_type": "67120288",
          "proxy_context_occurrence": "1094892015-M50.ipt:1",
          "owner_document": "E:\\Phase 1\\New-Assemblies\\PRANA - Assembly Automation\\Assembly 21\\Workspaces\\1094892015-M20\\1094892015-M50.ipt",
          "reference_key_string": "AQQBABAAAAAAAAAAAgAAAAcAAAAGAAAA",
          "context_key_string": "nsIrpNQR6AFgAC2z7in7sAQAAB5AAADIMgIotS/9IIFFAwBkBQABAADtN0PA0xEdDmAAALgylIewAAABAQAAsS28CdARH+wACNywOz6oCQIBAACyBAAAAFQAZQBzAHQAvo96JrhBn3FB26KW7qUmxgD/////AAAAAAAABgBICM1Q4SAAYOo/XxjmxA==",
          "surface_type": null,
          "area_cm2": null,
          "face_normal_at_center": null,
          "face_point_at_center": null,
          "face_bbox_min": null,
          "face_bbox_max": null,
          "loops": [],
          "curve_type": "kCircleCurve",
          "length_cm": 3.4557519189487729,
          "edge_midpoint": [
            30.9,
            39.4,
            0.2
          ],
          "edge_tangent_at_mid": [
            0.0,
            1.0,
            0.0
          ],
          "work_feature_name": null
        }
      },
      {
        "constraint_name": "Insert:34",
        "constraint_type": "kInsertConstraint",
        "suppressed": false,
        "health_status": "kUpToDateHealth",
        "node_one_id": "1094892015-M54.ipt:4",
        "node_two_id": "1094892015-M50.ipt:1",
        "offset_cm": null,
        "angle_rad": null,
        "entity_one": {
          "entity_type": "67120288",
          "proxy_context_occurrence": "1094892015-M54.ipt:4",
          "owner_document": "E:\\Phase 1\\New-Assemblies\\PRANA - Assembly Automation\\Assembly 21\\Workspaces\\1094892015-M20\\1094892015-M54.ipt",
          "reference_key_string": "AQQBABAAAAAAAAAAAgAAAAQAAAAGAAAA",
          "context_key_string": "nsIrpNQR6AFgAC2z7in7sAQAAB5AAADIMgIotS/9IIFFAwBkBQABAADtN0PA0xEdDmAAALgylIewAAABAQAAsS28CdARH+wACNywOz6oCQIBAACyBAAAAFQAZQBzAHQA2h1/n2BH+n/GwPuZTVro1wD/////AAAAAAAABgBICM1Q4SAAYOo/XxjmxA==",
          "surface_type": null,
          "area_cm2": null,
          "face_normal_at_center": null,
          "face_point_at_center": null,
          "face_bbox_min": null,
          "face_bbox_max": null,
          "loops": [],
          "curve_type": "kCircleCurve",
          "length_cm": 2.0882166368411359,
          "edge_midpoint": [
            -0.33235000000000003,
            1.0689191252400605E-16,
            1.6
          ],
          "edge_tangent_at_mid": [
            3.2162452993532732E-16,
            1.0,
            0.0
          ],
          "work_feature_name": null
        },
        "entity_two": {
          "entity_type": "67120288",
          "proxy_context_occurrence": "1094892015-M50.ipt:1",
          "owner_document": "E:\\Phase 1\\New-Assemblies\\PRANA - Assembly Automation\\Assembly 21\\Workspaces\\1094892015-M20\\1094892015-M50.ipt",
          "reference_key_string": "AQQBABAAAAAAAAAAAgAAAAoAAAAGAAAA",
          "context_key_string": "nsIrpNQR6AFgAC2z7in7sAQAAB5AAADIMgIotS/9IIFFAwBkBQABAADtN0PA0xEdDmAAALgylIewAAABAQAAsS28CdARH+wACNywOz6oCQIBAACyBAAAAFQAZQBzAHQAvo96JrhBn3FB26KW7qUmxgD/////AAAAAAAABgBICM1Q4SAAYOo/XxjmxA==",
          "surface_type": null,
          "area_cm2": null,
          "face_normal_at_center": null,
          "face_point_at_center": null,
          "face_bbox_min": null,
          "face_bbox_max": null,
          "loops": [],
          "curve_type": "kCircleCurve",
          "length_cm": 3.4557519189487729,
          "edge_midpoint": [
            15.899999999999995,
            -35.0,
            0.2
          ],
          "edge_tangent_at_mid": [
            0.0,
            1.0,
            0.0
          ],
          "work_feature_name": null
        }
      },
      {
        "constraint_name": "Insert:36",
        "constraint_type": "kInsertConstraint",
        "suppressed": false,
        "health_status": "kUpToDateHealth",
        "node_one_id": "1094892015-M54.ipt:3",
        "node_two_id": "1094892015-M50.ipt:1",
        "offset_cm": null,
        "angle_rad": null,
        "entity_one": {
          "entity_type": "67120288",
          "proxy_context_occurrence": "1094892015-M54.ipt:3",
          "owner_document": "E:\\Phase 1\\New-Assemblies\\PRANA - Assembly Automation\\Assembly 21\\Workspaces\\1094892015-M20\\1094892015-M54.ipt",
          "reference_key_string": "AQQBABAAAAAAAAAAAgAAAAQAAAAGAAAA",
          "context_key_string": "nsIrpNQR6AFgAC2z7in7sAQAAB5AAADIMgIotS/9IIFFAwBkBQABAADtN0PA0xEdDmAAALgylIewAAABAQAAsS28CdARH+wACNywOz6oCQIBAACyBAAAAFQAZQBzAHQA2h1/n2BH+n/GwPuZTVro1wD/////AAAAAAAABgBICM1Q4SAAYOo/XxjmxA==",
          "surface_type": null,
          "area_cm2": null,
          "face_normal_at_center": null,
          "face_point_at_center": null,
          "face_bbox_min": null,
          "face_bbox_max": null,
          "loops": [],
          "curve_type": "kCircleCurve",
          "length_cm": 2.0882166368411359,
          "edge_midpoint": [
            -0.33235000000000003,
            1.0689191252400605E-16,
            1.6
          ],
          "edge_tangent_at_mid": [
            3.2162452993532732E-16,
            1.0,
            0.0
          ],
          "work_feature_name": null
        },
        "entity_two": {
          "entity_type": "67120288",
          "proxy_context_occurrence": "1094892015-M50.ipt:1",
          "owner_document": "E:\\Phase 1\\New-Assemblies\\PRANA - Assembly Automation\\Assembly 21\\Workspaces\\1094892015-M20\\1094892015-M50.ipt",
