{
  "assembly_metadata": {
    "assembly_name": "1094886893-M4.iam",
    "full_file_name": "E:\\Phase 1\\New-Assemblies\\PRANA - Assembly Automation\\Assembly 10\\Workspaces\\1094886893-M1\\1094886893-M4.iam",
    "internal_name": "{AC5D106E-48F2-3B5D-D29D-E9B8782E2121}",
    "total_occurrences": 18,
    "total_constraints": 25
  },
  "physics": {
    "mass_kg": 4.0744180550410318,
    "center_of_mass": [
      2.7882037078341741,
      -0.49670680307643622,
      6.9656468506602076
    ],
    "inertia_tensor": [
      720.78511610423163,
      3718.8575102054274,
      3782.7178790863336,
      -17.003057550849455,
      55.317513275004714,
      78.4218723081228
    ]
  },
  "assembly_graph": {
    "nodes": [
      {
        "node_id": "1094886893-P2:1",
        "file_name": "E:\\Phase 1\\New-Assemblies\\PRANA - Assembly Automation\\Assembly 10\\Workspaces\\1094886893-M1\\1094886893-P2.ipt",
        "component_type": "kPartDocumentObject",
        "grounded": true,
        "suppressed": false,
        "visible": true,
        "adaptive": false,
        "flexible": false,
        "dof_translation": 0,
        "dof_rotation": 0,
        "fully_constrained": false,
        "transform": {
          "rotation_matrix": [
            [
              1.0,
              0.0,
              0.0
            ],
            [
              0.0,
              1.0,
              0.0
            ],
            [
              0.0,
              0.0,
              1.0
            ]
          ],
          "translation_cm": [
            0.0,
            0.0,
            0.0
          ]
        }
      },
      {
        "node_id": "0298100025-M1:1",
        "file_name": "E:\\Phase 1\\New-Assemblies\\PRANA - Assembly Automation\\Assembly 10\\Workspaces\\1094886893-M1\\0298100025-M1.ipt",
        "component_type": "kPartDocumentObject",
        "grounded": false,
        "suppressed": false,
        "visible": true,
        "adaptive": false,
        "flexible": false,
        "dof_translation": 3,
        "dof_rotation": 1,
        "fully_constrained": false,
        "transform": {
          "rotation_matrix": [
            [
              -1.0000000000000002,
              1.6011563433903765E-16,
              5.5511151231258012E-17
            ],
            [
              -1.2613237181827682E-30,
              -8.8205518570438958E-15,
              0.99999999999999978
            ],
            [
              1.4376520807157806E-16,
              1.0000000000000013,
              8.8224490807608987E-15
            ]
          ],
          "translation_cm": [
            -30.000000000000007,
            14.419999999999989,
            2.1500000000000008
          ]
        }
      },
      {
        "node_id": "0298100025-M1:2",
        "file_name": "E:\\Phase 1\\New-Assemblies\\PRANA - Assembly Automation\\Assembly 10\\Workspaces\\1094886893-M1\\0298100025-M1.ipt",
        "component_type": "kPartDocumentObject",
        "grounded": false,
        "suppressed": false,
        "visible": true,
        "adaptive": false,
        "flexible": false,
        "dof_translation": 3,
        "dof_rotation": 1,
        "fully_constrained": false,
        "transform": {
          "rotation_matrix": [
            [
              -1.0,
              4.4102100008282274E-48,
              8.2824724483267245E-34
            ],
            [
              8.28247244832672E-34,
              -8.8205518570438926E-15,
              1.0000000000000007
            ],
            [
              1.1715807774328532E-47,
              1.0000000000000007,
              8.8205518570438926E-15
            ]
          ],
          "translation_cm": [
            -7.1054273576010019E-15,
            14.419999999999986,
            2.1500000000000008
          ]
        }
      },
      {
        "node_id": "0298100025-M1:3",
        "file_name": "E:\\Phase 1\\New-Assemblies\\PRANA - Assembly Automation\\Assembly 10\\Workspaces\\1094886893-M1\\0298100025-M1.ipt",
        "component_type": "kPartDocumentObject",
        "grounded": false,
        "suppressed": false,
        "visible": true,
        "adaptive": false,
        "flexible": false,
        "dof_translation": 3,
        "dof_rotation": 1,
        "fully_constrained": false,
        "transform": {
          "rotation_matrix": [
            [
              -1.0,
              8.5804783949274316E-62,
              8.2824724483267245E-34
            ],
            [
              8.28247244832672E-34,
              -8.8205518570438926E-15,
              1.0000000000000007
            ],
            [
              7.3055977735003914E-48,
              1.0000000000000007,
              8.8205518570438926E-15
            ]
          ],
          "translation_cm": [
            29.999999999999993,
            14.419999999999986,
            2.1500000000000008
          ]
        }
      },
      {
        "node_id": "0298100025-M1:6",
        "file_name": "E:\\Phase 1\\New-Assemblies\\PRANA - Assembly Automation\\Assembly 10\\Workspaces\\1094886893-M1\\0298100025-M1.ipt",
        "component_type": "kPartDocumentObject",
        "grounded": false,
        "suppressed": false,
        "visible": true,
        "adaptive": false,
        "flexible": false,
        "dof_translation": 3,
        "dof_rotation": 1,
        "fully_constrained": false,
        "transform": {
          "rotation_matrix": [
            [
              5.55111512349594E-17,
              -0.99999999999999956,
              2.3054539969761665E-14
            ],
            [
              1.000000000000004,
              2.0965837627886648E-27,
              7.0795372588206918E-16
            ],
            [
              -1.9324603422930179E-17,
              2.2980347689631289E-14,
              0.99999999999998912
            ]
          ],
          "translation_cm": [
            -35.499999999998472,
            -2.8749999999999667,
            28.420000000001181
          ]
        }
      },
      {
        "node_id": "0298100025-M1:7",
        "file_name": "E:\\Phase 1\\New-Assemblies\\PRANA - Assembly Automation\\Assembly 10\\Workspaces\\1094886893-M1\\0298100025-M1.ipt",
        "component_type": "kPartDocumentObject",
        "grounded": false,
        "suppressed": false,
        "visible": true,
        "adaptive": false,
        "flexible": false,
        "dof_translation": 3,
        "dof_rotation": 1,
        "fully_constrained": false,
        "transform": {
          "rotation_matrix": [
            [
              5.3324535835201E-17,
              -1.0,
              2.3054539969761769E-14
            ],
            [
              1.0000000000000044,
              -2.1866153959549228E-18,
              7.0795372588206641E-16
            ],
            [
              -1.9324603422924771E-17,
              2.2980347689631298E-14,
              0.99999999999998912
            ]
          ],
          "translation_cm": [
            -35.499999999998472,
            -10.874999999999984,
            28.420000000000019
          ]
        }
      },
      {
        "node_id": "0298100025-M1:9",
        "file_name": "E:\\Phase 1\\New-Assemblies\\PRANA - Assembly Automation\\Assembly 10\\Workspaces\\1094886893-M1\\0298100025-M1.ipt",
        "component_type": "kPartDocumentObject",
        "grounded": false,
        "suppressed": false,
        "visible": true,
        "adaptive": false,
        "flexible": false,
        "dof_translation": 3,
        "dof_rotation": 1,
        "fully_constrained": false,
        "transform": {
          "rotation_matrix": [
            [
              -1.1102230246242257E-16,
              1.0000000000000002,
              -2.3054539969761838E-14
            ],
            [
              -1.0000000000000047,
              5.55111512313579E-17,
              -7.0621866617985677E-16
            ],
            [
              -1.7589543720712856E-17,
              2.2980347689631308E-14,
              0.99999999999998912
            ]
          ],
          "translation_cm": [
            35.499999999999169,
            -10.875000000000149,
            28.420000000000005
          ]
        }
      },
      {
        "node_id": "0298100025-M1:8",
        "file_name": "E:\\Phase 1\\New-Assemblies\\PRANA - Assembly Automation\\Assembly 10\\Workspaces\\1094886893-M1\\0298100025-M1.ipt",
        "component_type": "kPartDocumentObject",
        "grounded": false,
        "suppressed": false,
        "visible": true,
        "adaptive": false,
        "flexible": false,
        "dof_translation": 3,
        "dof_rotation": 1,
        "fully_constrained": false,
        "transform": {
          "rotation_matrix": [
            [
              -1.0883568706672939E-16,
              1.0000000000000002,
              -2.3054539969761841E-14
            ],
            [
              -1.0000000000000049,
              2.1866153959544529E-18,
              -7.0621866617985617E-16
            ],
            [
              -1.7589543720712551E-17,
              2.2980347689631308E-14,
              0.99999999999998912
            ]
          ],
          "translation_cm": [
            35.499999999999183,
            -2.8750000000001457,
            28.420000000000005
          ]
        }
      },
      {
        "node_id": "0129327026-M2:1",
        "file_name": "E:\\Phase 1\\New-Assemblies\\PRANA - Assembly Automation\\Assembly 10\\Workspaces\\1094886893-M1\\0129327026-M2.ipt",
        "component_type": "kPartDocumentObject",
        "grounded": true,
        "suppressed": false,
        "visible": true,
        "adaptive": false,
        "flexible": false,
        "dof_translation": 0,
        "dof_rotation": 0,
        "fully_constrained": false,
        "transform": {
          "rotation_matrix": [
            [
              0.76455101269467174,
              -0.64456322342152783,
              -2.0264711011931689E-29
            ],
            [
              -1.3994379314765063E-14,
              -1.6599483942539247E-14,
              -1.0000000000000002
            ],
            [
              0.64456322342152772,
              0.76455101269467185,
              -2.171141449938579E-14
            ]
          ],
          "translation_cm": [
            35.49999999999968,
            14.499999999999989,
            2.1499999999984492
          ]
        }
      },
      {
        "node_id": "0129327026-M2:2",
        "file_name": "E:\\Phase 1\\New-Assemblies\\PRANA - Assembly Automation\\Assembly 10\\Workspaces\\1094886893-M1\\0129327026-M2.ipt",
        "component_type": "kPartDocumentObject",
        "grounded": false,
        "suppressed": false,
        "visible": true,
        "adaptive": false,
        "flexible": false,
        "dof_translation": 3,
        "dof_rotation": 3,
        "fully_constrained": false,
        "transform": {
          "rotation_matrix": [
            [
              0.9169321115855199,
              -0.39904323417809123,
              -1.318380070284153E-16
            ],
            [
              3.6466258681845374E-15,
              8.135631872739406E-15,
              -0.99999999999999956
            ],
            [
              0.39904323417808746,
              0.9169321115855269,
              9.09583778592352E-15
            ]
          ],
          "translation_cm": [
            35.5,
            -14.249999999999979,
            1.4999999999999969
          ]
        }
      },
      {
        "node_id": "0129327026-M2:3",
        "file_name": "E:\\Phase 1\\New-Assemblies\\PRANA - Assembly Automation\\Assembly 10\\Workspaces\\1094886893-M1\\0129327026-M2.ipt",
        "component_type": "kPartDocumentObject",
        "grounded": false,
        "suppressed": false,
        "visible": true,
        "adaptive": false,
        "flexible": false,
        "dof_translation": 3,
        "dof_rotation": 3,
        "fully_constrained": false,
        "transform": {
          "rotation_matrix": [
            [
              -0.66140169675687643,
              0.75003186300791524,
              -1.6598703562149728E-14
            ],
            [
              0.750031863007915,
              0.66140169675687643,
              1.7589543720816616E-17
            ],
            [
              1.0991603418216572E-14,
              -1.2437922802173195E-14,
              -1.0
            ]
          ],
          "translation_cm": [
            35.499999999999332,
            -0.5116116523517783,
            28.499999999999766
          ]
        }
      },
      {
        "node_id": "0129327026-M2:4",
        "file_name": "E:\\Phase 1\\New-Assemblies\\PRANA - Assembly Automation\\Assembly 10\\Workspaces\\1094886893-M1\\0129327026-M2.ipt",
        "component_type": "kPartDocumentObject",
        "grounded": false,
        "suppressed": false,
        "visible": true,
        "adaptive": false,
        "flexible": false,
        "dof_translation": 3,
        "dof_rotation": 3,
        "fully_constrained": false,
        "transform": {
          "rotation_matrix": [
            [
              0.76455101269467174,
              -0.64456322342152783,
              1.1757308533901117E-28
            ],
            [
              -1.5464587817723829E-14,
              -1.83433771076545E-14,
              -1.0000000000000002
            ],
            [
              0.64456322342152772,
              0.76455101269467185,
              -2.3992352116574816E-14
            ]
          ],
          "translation_cm": [
            35.499999999999943,
            14.374999999999307,
            13.649999999998665
          ]
        }
      },
      {
        "node_id": "0129327026-M2:5",
        "file_name": "E:\\Phase 1\\New-Assemblies\\PRANA - Assembly Automation\\Assembly 10\\Workspaces\\1094886893-M1\\0129327026-M2.ipt",
        "component_type": "kPartDocumentObject",
        "grounded": false,
        "suppressed": false,
        "visible": true,
        "adaptive": false,
        "flexible": false,
        "dof_translation": 3,
        "dof_rotation": 3,
        "fully_constrained": false,
        "transform": {
          "rotation_matrix": [
            [
              0.76455101269467174,
              -0.64456322342152783,
              -3.4129924495959847E-29
            ],
            [
              3.4883709218120716E-15,
              4.1377438612905553E-15,
              -1.0000000000000002
            ],
            [
              0.64456322342152772,
              0.76455101269467185,
              5.4119918652740892E-15
            ]
          ],
          "translation_cm": [
            35.499999999999261,
            -14.225000000000852,
            27.500000000000369
          ]
        }
      },
      {
        "node_id": "0129327026-M2:11",
        "file_name": "E:\\Phase 1\\New-Assemblies\\PRANA - Assembly Automation\\Assembly 10\\Workspaces\\1094886893-M1\\0129327026-M2.ipt",
        "component_type": "kPartDocumentObject",
        "grounded": false,
        "suppressed": false,
        "visible": true,
        "adaptive": false,
        "flexible": false,
        "dof_translation": 0,
        "dof_rotation": 0,
        "fully_constrained": true,
        "transform": {
          "rotation_matrix": [
            [
              0.76455101269467174,
              -0.64456322342152783,
              -2.0264711011931689E-29
            ],
            [
              -1.3994379314765063E-14,
              -1.6599483942539247E-14,
              -1.0000000000000002
            ],
            [
              0.64456322342152772,
              0.76455101269467185,
              -2.171141449938579E-14
            ]
          ],
          "translation_cm": [
            -35.500000000000334,
            14.499999999999989,
            2.1499999999984492
          ]
        }
      },
      {
        "node_id": "0129327026-M2:12",
        "file_name": "E:\\Phase 1\\New-Assemblies\\PRANA - Assembly Automation\\Assembly 10\\Workspaces\\1094886893-M1\\0129327026-M2.ipt",
        "component_type": "kPartDocumentObject",
        "grounded": false,
        "suppressed": false,
        "visible": true,
        "adaptive": false,
        "flexible": false,
        "dof_translation": 0,
        "dof_rotation": 0,
        "fully_constrained": true,
        "transform": {
          "rotation_matrix": [
            [
              0.9169321115855199,
              -0.39904323417809123,
              -1.318380070284153E-16
            ],
            [
              3.6466258681845374E-15,
              8.135631872739406E-15,
              -0.99999999999999956
            ],
            [
              0.39904323417808746,
              0.9169321115855269,
              9.09583778592352E-15
            ]
          ],
          "translation_cm": [
            -35.5,
            -14.249999999999979,
            1.4999999999999969
          ]
        }
      },
      {
        "node_id": "0129327026-M2:13",
        "file_name": "E:\\Phase 1\\New-Assemblies\\PRANA - Assembly Automation\\Assembly 10\\Workspaces\\1094886893-M1\\0129327026-M2.ipt",
        "component_type": "kPartDocumentObject",
        "grounded": false,
        "suppressed": false,
        "visible": true,
        "adaptive": false,
        "flexible": false,
        "dof_translation": 0,
        "dof_rotation": 0,
        "fully_constrained": true,
        "transform": {
          "rotation_matrix": [
            [
              -0.66140169675687643,
              0.75003186300791524,
              -1.6598703562149728E-14
            ],
            [
              0.750031863007915,
              0.66140169675687643,
              1.7589543720816616E-17
            ],
            [
              1.0991603418216572E-14,
              -1.2437922802173195E-14,
              -1.0
            ]
          ],
          "translation_cm": [
            -35.500000000000668,
            -0.51161165235178307,
            28.499999999999766
          ]
        }
      },
      {
        "node_id": "0129327026-M2:14",
        "file_name": "E:\\Phase 1\\New-Assemblies\\PRANA - Assembly Automation\\Assembly 10\\Workspaces\\1094886893-M1\\0129327026-M2.ipt",
        "component_type": "kPartDocumentObject",
        "grounded": false,
        "suppressed": false,
        "visible": true,
        "adaptive": false,
        "flexible": false,
        "dof_translation": 0,
        "dof_rotation": 0,
        "fully_constrained": true,
        "transform": {
          "rotation_matrix": [
            [
              0.76455101269467174,
              -0.64456322342152783,
              1.1757308533901117E-28
            ],
            [
              -1.5464587817723829E-14,
              -1.83433771076545E-14,
              -1.0000000000000002
            ],
            [
              0.64456322342152772,
              0.76455101269467185,
              -2.3992352116574816E-14
            ]
          ],
          "translation_cm": [
            -35.500000000000057,
            14.374999999999307,
            13.649999999998666
          ]
        }
      },
      {
        "node_id": "0129327026-M2:15",
        "file_name": "E:\\Phase 1\\New-Assemblies\\PRANA - Assembly Automation\\Assembly 10\\Workspaces\\1094886893-M1\\0129327026-M2.ipt",
        "component_type": "kPartDocumentObject",
        "grounded": false,
        "suppressed": false,
        "visible": true,
        "adaptive": false,
        "flexible": false,
        "dof_translation": 0,
        "dof_rotation": 0,
        "fully_constrained": true,
        "transform": {
          "rotation_matrix": [
            [
              0.76455101269467174,
              -0.64456322342152783,
              -3.4129924495959847E-29
            ],
            [
              3.4883709218120716E-15,
              4.1377438612905553E-15,
              -1.0000000000000002
            ],
            [
              0.64456322342152772,
              0.76455101269467185,
              5.4119918652740892E-15
            ]
          ],
          "translation_cm": [
            -35.500000000000739,
            -14.225000000000852,
            27.500000000000373
          ]
        }
      }
    ],
    "constraint_edges": [
      {
        "constraint_name": "Mate:14",
        "constraint_type": "kMateConstraint",
        "suppressed": false,
        "health_status": "kDriverLostHealth",
        "node_one_id": "0129327026-M2:1",
        "node_two_id": "1094886893-P2:1",
        "offset_cm": 0.0,
        "angle_rad": null,
        "entity_one": null,
        "entity_two": {
          "entity_type": "67119520",
          "proxy_context_occurrence": "1094886893-P2:1",
          "owner_document": "E:\\Phase 1\\New-Assemblies\\PRANA - Assembly Automation\\Assembly 10\\Workspaces\\1094886893-M1\\1094886893-P2.ipt",
          "reference_key_string": "AQQKAFgAAAAAAAAAAgAAAAEAAAADAAAABAAAAAYAAAAHAAAABgAAAAoAAAAGAAAADQAAAAYAAAAQAAAABgAAABgAAAAGAAAAGwAAAAYAAAAdAAAABgAAAB4AAAAGAAAA",
          "context_key_string": "nsIrpNQR6AFgAC2z7in7sAQAAB5AAADIMgIotS/9IIFFAwBkBQABAADtN0PA0xEdDmAAALgylIewAAABAQAAsS28CdARH+wACNywOz6oCQIBAACyBAAAAFQAZQBzAHQAwj5M5FNExXss7sqjlq9rRgD/////AAAAAAAABgBICM1Q4SAAYOo/XxjmxA==",
          "surface_type": "kPlaneSurface",
          "area_cm2": 307.57735642810906,
          "face_normal_at_center": [
            1.7763775099749149E-19,
            1.0,
            8.89497016412724E-15
          ],
          "face_point_at_center": [
            -1.5043521983670871E-13,
            14.499999999999988,
            2.3875000000000028
          ],
          "face_bbox_min": [
            -36.7250000000003,
            14.499999999999726,
            0.27500000000000213
          ],
          "face_bbox_max": [
            36.725,
            14.500000000000256,
            4.5000000000000036
          ],
          "loops": [
            {
              "is_outer": false,
              "edge_reference_keys": [
                "AQQBABAAAAAAAAAAAgAAAAQAAAAGAAAA"
              ]
            },
            {
              "is_outer": false,
              "edge_reference_keys": [
                "AQQBABAAAAAAAAAAAgAAAAcAAAAGAAAA"
              ]
            },
            {
              "is_outer": false,
              "edge_reference_keys": [
                "AQQBABAAAAAAAAAAAgAAAAoAAAAGAAAA"
              ]
            },
            {
              "is_outer": false,
              "edge_reference_keys": [
                "AQQBABAAAAAAAAAAAgAAAA0AAAAGAAAA"
              ]
            },
            {
              "is_outer": false,
              "edge_reference_keys": [
                "AQQBABAAAAAAAAAAAgAAABAAAAAGAAAA"
              ]
            },
            {
              "is_outer": true,
              "edge_reference_keys": [
                "AQQBABAAAAAAAAAAAgAAABgAAAAGAAAA",
                "AQQBABAAAAAAAAAAAgAAABsAAAAGAAAA",
                "AQQBABAAAAAAAAAAAgAAAB0AAAAGAAAA",
                "AQQBABAAAAAAAAAAAgAAAB4AAAAGAAAA"
              ]
            }
          ],
          "curve_type": null,
          "length_cm": null,
          "edge_midpoint": null,
          "edge_tangent_at_mid": null,
          "work_feature_name": null
        }
      },
      {
        "constraint_name": "Mate:15",
        "constraint_type": "kMateConstraint",
        "suppressed": false,
        "health_status": "kDriverLostHealth",
        "node_one_id": "1094886893-P2:1",
        "node_two_id": "0129327026-M2:1",
        "offset_cm": 0.0,
        "angle_rad": null,
        "entity_one": {
          "entity_type": "67119520",
          "proxy_context_occurrence": "1094886893-P2:1",
          "owner_document": "E:\\Phase 1\\New-Assemblies\\PRANA - Assembly Automation\\Assembly 10\\Workspaces\\1094886893-M1\\1094886893-P2.ipt",
          "reference_key_string": "AQQDACAAAAAAAAAAAgAAAAIAAAADAAAABAAAAAYAAAAhAAAABgAAAA==",
          "context_key_string": "nsIrpNQR6AFgAC2z7in7sAQAAB5AAADIMgIotS/9IIFFAwBkBQABAADtN0PA0xEdDmAAALgylIewAAABAQAAsS28CdARH+wACNywOz6oCQIBAACyBAAAAFQAZQBzAHQAwj5M5FNExXss7sqjlq9rRgD/////AAAAAAAABgBICM1Q4SAAYOo/XxjmxA==",
          "surface_type": "kCylinderSurface",
          "area_cm2": 0.392699081698375,
          "face_normal_at_center": [
            -1.0,
            7.3822621897147879E-15,
            2.2815592432663687E-14
          ],
          "face_point_at_center": [
            35.749999999999417,
            14.37499999999984,
            2.1499999999984989
          ],
          "face_bbox_min": [
            35.249999999999417,
            14.249999999999945,
            1.8999999999985016
          ],
          "face_bbox_max": [
            35.749999999999417,
            14.49999999999973,
            2.3999999999985078
          ],
          "loops": [
            {
              "is_outer": true,
              "edge_reference_keys": [
                "AQQBABAAAAAAAAAAAgAAAAQAAAAGAAAA"
              ]
            },
            {
              "is_outer": true,
              "edge_reference_keys": [
                "AQQBABAAAAAAAAAAAgAAACEAAAAGAAAA"
              ]
            }
          ],
          "curve_type": null,
          "length_cm": null,
          "edge_midpoint": null,
          "edge_tangent_at_mid": null,
          "work_feature_name": null
        },
        "entity_two": null
      },
      {
        "constraint_name": "Flush:9",
        "constraint_type": "kFlushConstraint",
        "suppressed": false,
        "health_status": "kDriverLostHealth",
        "node_one_id": "0298100025-M1:6",
        "node_two_id": "1094886893-P2:1",
        "offset_cm": 0.0,
        "angle_rad": null,
        "entity_one": null,
        "entity_two": {
          "entity_type": "67119520",
          "proxy_context_occurrence": "1094886893-P2:1",
          "owner_document": "E:\\Phase 1\\New-Assemblies\\PRANA - Assembly Automation\\Assembly 10\\Workspaces\\1094886893-M1\\1094886893-P2.ipt",
          "reference_key_string": "AQQIAEgAAAAAAAAAAgAAACIAAAADAAAAJQAAAAYAAAAoAAAABgAAACsAAAAGAAAANAAAAAYAAAA3AAAABgAAADoAAAAGAAAAOwAAAAYAAAA=",
          "context_key_string": "nsIrpNQR6AFgAC2z7in7sAQAAB5AAADIMgIotS/9IIFFAwBkBQABAADtN0PA0xEdDmAAALgylIewAAABAQAAsS28CdARH+wACNywOz6oCQIBAACyBAAAAFQAZQBzAHQAwj5M5FNExXss7sqjlq9rRgD/////AAAAAAAABgBICM1Q4SAAYOo/XxjmxA==",
          "surface_type": "kPlaneSurface",
          "area_cm2": 37.472854132355664,
          "face_normal_at_center": [
            -9.9389084055903077E-15,
            1.9324603422928641E-17,
            1.0
          ],
          "face_point_at_center": [
            -35.362499999999343,
            -6.8749999999999867,
            28.500000000000011
          ],
          "face_bbox_min": [
            -36.724999999999348,
            -14.07499999999999,
            28.499999999999996
          ],
          "face_bbox_max": [
            -33.999999999999346,
            0.32500000000001705,
            28.500000000000032
          ],
          "loops": [
            {
              "is_outer": false,
              "edge_reference_keys": [
                "AQQBABAAAAAAAAAAAgAAACUAAAAGAAAA"
              ]
            },
            {
              "is_outer": false,
              "edge_reference_keys": [
                "AQQBABAAAAAAAAAAAgAAACgAAAAGAAAA"
              ]
            },
            {
              "is_outer": false,
              "edge_reference_keys": [
                "AQQBABAAAAAAAAAAAgAAACsAAAAGAAAA"
              ]
            },
            {
              "is_outer": true,
              "edge_reference_keys": [
                "AQQBABAAAAAAAAAAAgAAADQAAAAGAAAA",
                "AQQBABAAAAAAAAAAAgAAADcAAAAGAAAA",
                "AQQBABAAAAAAAAAAAgAAADoAAAAGAAAA",
                "AQQBABAAAAAAAAAAAgAAADsAAAAGAAAA"
              ]
            }
          ],
          "curve_type": null,
          "length_cm": null,
          "edge_midpoint": null,
          "edge_tangent_at_mid": null,
          "work_feature_name": null
        }
      },
      {
        "constraint_name": "Mate:16",
        "constraint_type": "kMateConstraint",
        "suppressed": false,
        "health_status": "kDriverLostHealth",
        "node_one_id": "1094886893-P2:1",
        "node_two_id": "0298100025-M1:6",
        "offset_cm": 0.0,
        "angle_rad": null,
        "entity_one": {
          "entity_type": "67119520",
          "proxy_context_occurrence": "1094886893-P2:1",
          "owner_document": "E:\\Phase 1\\New-Assemblies\\PRANA - Assembly Automation\\Assembly 10\\Workspaces\\1094886893-M1\\1094886893-P2.ipt",
          "reference_key_string": "AQQDACAAAAAAAAAAAgAAACYAAAADAAAAPgAAAAYAAAAoAAAABgAAAA==",
          "context_key_string": "nsIrpNQR6AFgAC2z7in7sAQAAB5AAADIMgIotS/9IIFFAwBkBQABAADtN0PA0xEdDmAAALgylIewAAABAQAAsS28CdARH+wACNywOz6oCQIBAACyBAAAAFQAZQBzAHQAwj5M5FNExXss7sqjlq9rRgD/////AAAAAAAABgBICM1Q4SAAYOo/XxjmxA==",
          "surface_type": "kCylinderSurface",
          "area_cm2": 0.39269908169872464,
          "face_normal_at_center": [
            -1.0,
            2.2408171139223388E-15,
            -7.6815430892983745E-15
          ],
          "face_point_at_center": [
            -34.999999999999332,
            -2.874999999999988,
            28.437500000000014
          ],
          "face_bbox_min": [
            -35.999999999999332,
            -3.3749999999999867,
            28.375000000000007
          ],
          "face_bbox_max": [
            -34.999999999999332,
            -2.3749999999999867,
            28.500000000000014
          ],
          "loops": [
            {
              "is_outer": true,
              "edge_reference_keys": [
                "AQQBABAAAAAAAAAAAgAAAD4AAAAGAAAA"
              ]
            },
            {
              "is_outer": true,
              "edge_reference_keys": [
                "AQQBABAAAAAAAAAAAgAAACgAAAAGAAAA"
              ]
            }
          ],
          "curve_type": null,
          "length_cm": null,
          "edge_midpoint": null,
          "edge_tangent_at_mid": null,
          "work_feature_name": null
        },
        "entity_two": null
      },
      {
        "constraint_name": "Mate:17",
        "constraint_type": "kMateConstraint",
        "suppressed": false,
        "health_status": "kDriverLostHealth",
        "node_one_id": "0129327026-M2:2",
        "node_two_id": "1094886893-P2:1",
        "offset_cm": 0.0,
        "angle_rad": null,
        "entity_one": null,
        "entity_two": {
          "entity_type": "67119520",
          "proxy_context_occurrence": "1094886893-P2:1",
          "owner_document": "E:\\Phase 1\\New-Assemblies\\PRANA - Assembly Automation\\Assembly 10\\Workspaces\\1094886893-M1\\1094886893-P2.ipt",
          "reference_key_string": "AQQZANAAAAAAAAAAAgAAAD8AAAADAAAARAAAAAYAAABGAAAABgAAAEkAAAAGAAAATAAAAAYAAABOAAAABgAAAE8AAAAGAAAAVAAAAAYAAABWAAAABgAAAFkAAAAGAAAAXAAAAAYAAABeAAAABgAAAF8AAAAGAAAAZAAAAAYAAABmAAAABgAAAGkAAAAGAAAAbAAAAAYAAABuAAAABgAAAG8AAAAGAAAAcgAAAAYAAAB1AAAABgAAAH0AAAAGAAAAgAAAAAYAAACCAAAABgAAAIMAAAAGAAAA",
          "context_key_string": "nsIrpNQR6AFgAC2z7in7sAQAAB5AAADIMgIotS/9IIFFAwBkBQABAADtN0PA0xEdDmAAALgylIewAAABAQAAsS28CdARH+wACNywOz6oCQIBAACyBAAAAFQAZQBzAHQAwj5M5FNExXss7sqjlq9rRgD/////AAAAAAAABgBICM1Q4SAAYOo/XxjmxA==",
          "surface_type": "kPlaneSurface",
          "area_cm2": 242.1459203065325,
          "face_normal_at_center": [
            -1.7763775099749125E-19,
            1.0,
            -8.9149834924312824E-15
          ],
          "face_point_at_center": [
            -5.5511151231257827E-16,
            -14.249999999999977,
            1.9625000000000012
          ],
          "face_bbox_min": [
            -36.725000000000023,
            -14.250000000000179,
            0.27500000000000036
          ],
          "face_bbox_max": [
            36.725000000000023,
            -14.249999999999764,
            3.6500000000000021
          ],
          "loops": [
            {
              "is_outer": false,
              "edge_reference_keys": [
                "AQQBABAAAAAAAAAAAgAAAEQAAAAGAAAA",
                "AQQBABAAAAAAAAAAAgAAAEYAAAAGAAAA",
                "AQQBABAAAAAAAAAAAgAAAEkAAAAGAAAA",
                "AQQBABAAAAAAAAAAAgAAAEwAAAAGAAAA",
                "AQQBABAAAAAAAAAAAgAAAE4AAAAGAAAA",
                "AQQBABAAAAAAAAAAAgAAAE8AAAAGAAAA"
              ]
            },
            {
              "is_outer": false,
              "edge_reference_keys": [
                "AQQBABAAAAAAAAAAAgAAAFQAAAAGAAAA",
                "AQQBABAAAAAAAAAAAgAAAFYAAAAGAAAA",
                "AQQBABAAAAAAAAAAAgAAAFkAAAAGAAAA",
                "AQQBABAAAAAAAAAAAgAAAFwAAAAGAAAA",
                "AQQBABAAAAAAAAAAAgAAAF4AAAAGAAAA",
                "AQQBABAAAAAAAAAAAgAAAF8AAAAGAAAA"
              ]
            },
            {
              "is_outer": false,
              "edge_reference_keys": [
                "AQQBABAAAAAAAAAAAgAAAGQAAAAGAAAA",
                "AQQBABAAAAAAAAAAAgAAAGYAAAAGAAAA",
                "AQQBABAAAAAAAAAAAgAAAGkAAAAGAAAA",
                "AQQBABAAAAAAAAAAAgAAAGwAAAAGAAAA",
                "AQQBABAAAAAAAAAAAgAAAG4AAAAGAAAA",
                "AQQBABAAAAAAAAAAAgAAAG8AAAAGAAAA"
              ]
            },
            {
              "is_outer": false,
              "edge_reference_keys": [
                "AQQBABAAAAAAAAAAAgAAAHIAAAAGAAAA"
              ]
            },
            {
              "is_outer": false,
              "edge_reference_keys": [
                "AQQBABAAAAAAAAAAAgAAAHUAAAAGAAAA"
              ]
            },
            {
              "is_outer": true,
              "edge_reference_keys": [
                "AQQBABAAAAAAAAAAAgAAAH0AAAAGAAAA",
                "AQQBABAAAAAAAAAAAgAAAIAAAAAGAAAA",
                "AQQBABAAAAAAAAAAAgAAAIIAAAAGAAAA",
                "AQQBABAAAAAAAAAAAgAAAIMAAAAGAAAA"
              ]
            }
          ],
          "curve_type": null,
          "length_cm": null,
          "edge_midpoint": null,
          "edge_tangent_at_mid": null,
          "work_feature_name": null
        }
      },
      {
        "constraint_name": "Mate:18",
        "constraint_type": "kMateConstraint",
        "suppressed": false,
        "health_status": "kDriverLostHealth",
        "node_one_id": "0129327026-M2:2",
        "node_two_id": "1094886893-P2:1",
        "offset_cm": 0.0,
        "angle_rad": null,
        "entity_one": null,
        "entity_two": {
          "entity_type": "67119520",
          "proxy_context_occurrence": "1094886893-P2:1",
          "owner_document": "E:\\Phase 1\\New-Assemblies\\PRANA - Assembly Automation\\Assembly 10\\Workspaces\\1094886893-M1\\1094886893-P2.ipt",
          "reference_key_string": "AQQDACAAAAAAAAAAAgAAAHMAAAADAAAAdQAAAAYAAACGAAAABgAAAA==",
          "context_key_string": "nsIrpNQR6AFgAC2z7in7sAQAAB5AAADIMgIotS/9IIFFAwBkBQABAADtN0PA0xEdDmAAALgylIewAAABAQAAsS28CdARH+wACNywOz6oCQIBAACyBAAAAFQAZQBzAHQAwj5M5FNExXss7sqjlq9rRgD/////AAAAAAAABgBICM1Q4SAAYOo/XxjmxA==",
          "surface_type": "kCylinderSurface",
          "area_cm2": 0.39269908169824719,
          "face_normal_at_center": [
            -1.0,
            -5.80034886334719E-15,
            -2.5929460330660997E-14
          ],
          "face_point_at_center": [
            35.75,
            -14.374999999999609,
            1.500000000000004
          ],
          "face_bbox_min": [
            35.25,
            -14.499999999999467,
            1.2499999999999951
          ],
          "face_bbox_max": [
            35.75,
            -14.249999999999764,
            1.7500000000000004
          ],
          "loops": [
            {
              "is_outer": true,
              "edge_reference_keys": [
                "AQQBABAAAAAAAAAAAgAAAHUAAAAGAAAA"
              ]
            },
            {
              "is_outer": true,
              "edge_reference_keys": [
                "AQQBABAAAAAAAAAAAgAAAIYAAAAGAAAA"
              ]
            }
          ],
          "curve_type": null,
          "length_cm": null,
          "edge_midpoint": null,
          "edge_tangent_at_mid": null,
          "work_feature_name": null
        }
      },
      {
        "constraint_name": "Mate:19",
        "constraint_type": "kMateConstraint",
        "suppressed": false,
        "health_status": "kDriverLostHealth",
        "node_one_id": "0129327026-M2:3",
        "node_two_id": "1094886893-P2:1",
        "offset_cm": 0.0,
        "angle_rad": null,
        "entity_one": null,
        "entity_two": {
          "entity_type": "67119520",
          "proxy_context_occurrence": "1094886893-P2:1",
          "owner_document": "E:\\Phase 1\\New-Assemblies\\PRANA - Assembly Automation\\Assembly 10\\Workspaces\\1094886893-M1\\1094886893-P2.ipt",
          "reference_key_string": "AQQIAEgAAAAAAAAAAgAAAIcAAAADAAAAigAAAAYAAACNAAAABgAAAJAAAAAGAAAAmQAAAAYAAACdAAAABgAAAJ8AAAAGAAAAoAAAAAYAAAA=",
          "context_key_string": "nsIrpNQR6AFgAC2z7in7sAQAAB5AAADIMgIotS/9IIFFAwBkBQABAADtN0PA0xEdDmAAALgylIewAAABAQAAsS28CdARH+wACNywOz6oCQIBAACyBAAAAFQAZQBzAHQAwj5M5FNExXss7sqjlq9rRgD/////AAAAAAAABgBICM1Q4SAAYOo/XxjmxA==",
          "surface_type": "kPlaneSurface",
          "area_cm2": 37.472854132355657,
          "face_normal_at_center": [
            9.940300755202223E-15,
            -1.7589543720749532E-17,
            1.0
          ],
          "face_point_at_center": [
            35.362499999999343,
            -6.8749999999999858,
            28.500000000000004
          ],
          "face_bbox_min": [
            33.999999999999346,
            -14.074999999999989,
            28.499999999999993
          ],
          "face_bbox_max": [
            36.724999999999341,
            0.32500000000001705,
            28.500000000000718
          ],
          "loops": [
            {
              "is_outer": false,
              "edge_reference_keys": [
                "AQQBABAAAAAAAAAAAgAAAIoAAAAGAAAA"
              ]
            },
            {
              "is_outer": false,
              "edge_reference_keys": [
                "AQQBABAAAAAAAAAAAgAAAI0AAAAGAAAA"
              ]
            },
            {
              "is_outer": false,
              "edge_reference_keys": [
                "AQQBABAAAAAAAAAAAgAAAJAAAAAGAAAA"
              ]
            },
            {
              "is_outer": true,
              "edge_reference_keys": [
                "AQQBABAAAAAAAAAAAgAAAJkAAAAGAAAA",
                "AQQBABAAAAAAAAAAAgAAAJ0AAAAGAAAA",
                "AQQBABAAAAAAAAAAAgAAAJ8AAAAGAAAA",
                "AQQBABAAAAAAAAAAAgAAAKAAAAAGAAAA"
              ]
            }
          ],
          "curve_type": null,
          "length_cm": null,
          "edge_midpoint": null,
          "edge_tangent_at_mid": null,
          "work_feature_name": null
        }
      },
      {
        "constraint_name": "Mate:20",
        "constraint_type": "kMateConstraint",
        "suppressed": false,
        "health_status": "kDriverLostHealth",
        "node_one_id": "0129327026-M2:3",
        "node_two_id": "1094886893-P2:1",
        "offset_cm": 0.0,
        "angle_rad": null,
        "entity_one": null,
        "entity_two": {
          "entity_type": "67119520",
          "proxy_context_occurrence": "1094886893-P2:1",
          "owner_document": "E:\\Phase 1\\New-Assemblies\\PRANA - Assembly Automation\\Assembly 10\\Workspaces\\1094886893-M1\\1094886893-P2.ipt",
          "reference_key_string": "AQQDACAAAAAAAAAAAgAAAKIAAAADAAAAkAAAAAYAAACkAAAABgAAAA==",
          "context_key_string": "nsIrpNQR6AFgAC2z7in7sAQAAB5AAADIMgIotS/9IIFFAwBkBQABAADtN0PA0xEdDmAAALgylIewAAABAQAAsS28CdARH+wACNywOz6oCQIBAACyBAAAAFQAZQBzAHQAwj5M5FNExXss7sqjlq9rRgD/////AAAAAAAABgBICM1Q4SAAYOo/XxjmxA==",
          "surface_type": "kCylinderSurface",
          "area_cm2": 0.19634954084936229,
          "face_normal_at_center": [
            -1.0,
            2.2408171139223388E-15,
            -1.16006977266955E-14
          ],
