{
  "assembly_metadata": {
    "assembly_name": "1629529800.iam",
    "full_file_name": "E:\\Phase 1\\New-Assemblies\\PRANA - Assembly Automation\\Assembly 24\\Workspaces\\1629529800\\1629529800.iam",
    "internal_name": "{386554C3-420A-FD7C-B5FC-668C5E52A79D}",
    "total_occurrences": 35,
    "total_constraints": 68
  },
  "physics": {
    "mass_kg": 8.7895919920743,
    "center_of_mass": [
      25.758721084045636,
      -3.0658856739619438,
      62.201326066050278
    ],
    "inertia_tensor": [
      10066.761917613745,
      15782.891244172513,
      5967.0906927080623,
      272.99173754469155,
      -13.894985629589762,
      -368.19141879187708
    ]
  },
  "assembly_graph": {
    "nodes": [
      {
        "node_id": "1629529800-M1.ipt:1",
        "file_name": "E:\\Phase 1\\New-Assemblies\\PRANA - Assembly Automation\\Assembly 24\\Workspaces\\1629529800\\1629529800-M1.ipt",
        "component_type": "kPartDocumentObject",
        "grounded": true,
        "suppressed": false,
        "visible": true,
        "adaptive": false,
        "flexible": false,
        "dof_translation": 0,
        "dof_rotation": 0,
        "fully_constrained": false,
        "transform": {
          "rotation_matrix": [
            [
              1.0,
              -4.1158178960196894E-32,
              7.0048032909234062E-16
            ],
            [
              1.7162135591836645E-30,
              1.0,
              7.8886090522101181E-31
            ],
            [
              -7.0048032909234062E-16,
              -7.8886090522101181E-31,
              1.0
            ]
          ],
          "translation_cm": [
            -3.2684965844964609E-13,
            2.1316282072803006E-14,
            -1.1268763699945339E-14
          ]
        }
      },
      {
        "node_id": "1629529800-M2.ipt:1",
        "file_name": "E:\\Phase 1\\New-Assemblies\\PRANA - Assembly Automation\\Assembly 24\\Workspaces\\1629529800\\1629529800-M2.ipt",
        "component_type": "kPartDocumentObject",
        "grounded": false,
        "suppressed": false,
        "visible": true,
        "adaptive": false,
        "flexible": false,
        "dof_translation": 0,
        "dof_rotation": 0,
        "fully_constrained": true,
        "transform": {
          "rotation_matrix": [
            [
              -5.7029975374379488E-15,
              -7.0048032909234033E-16,
              -1.0
            ],
            [
              1.0,
              -4.3957845743127788E-18,
              -5.7029975374379504E-15
            ],
            [
              -4.3957845743088345E-18,
              -1.0,
              7.0048032909233973E-16
            ]
          ],
          "translation_cm": [
            -4.2105785123969754,
            0.76049595497025035,
            54.620000000000026
          ]
        }
      },
      {
        "node_id": "1629529800-M3.ipt:1",
        "file_name": "E:\\Phase 1\\New-Assemblies\\PRANA - Assembly Automation\\Assembly 24\\Workspaces\\1629529800\\1629529800-M3.ipt",
        "component_type": "kPartDocumentObject",
        "grounded": false,
        "suppressed": false,
        "visible": true,
        "adaptive": false,
        "flexible": false,
        "dof_translation": 0,
        "dof_rotation": 0,
        "fully_constrained": true,
        "transform": {
          "rotation_matrix": [
            [
              -2.2968917782837213E-15,
              -0.99999999999999845,
              1.4528476353179519E-15
            ],
            [
              -9.52835089273929E-32,
              1.0444263019433432E-18,
              -0.999999999999998
            ],
            [
              0.99999999999999645,
              7.562215394354592E-16,
              -4.4040546984028061E-15
            ]
          ],
          "translation_cm": [
            33.2394214876029,
            -2.739504045029737,
            87.530000000000157
          ]
        }
      },
      {
        "node_id": "1629529800-M8.ipt:1",
        "file_name": "E:\\Phase 1\\New-Assemblies\\PRANA - Assembly Automation\\Assembly 24\\Workspaces\\1629529800\\1629529800-M8.ipt",
        "component_type": "kPartDocumentObject",
        "grounded": false,
        "suppressed": false,
        "visible": true,
        "adaptive": false,
        "flexible": false,
        "dof_translation": 0,
        "dof_rotation": 0,
        "fully_constrained": true,
        "transform": {
          "rotation_matrix": [
            [
              -6.987845870676029E-16,
              -0.99999999999999944,
              -8.3912404201574055E-16
            ],
            [
              -6.1232339957368646E-17,
              -6.4258279943229215E-17,
              0.99999999999999956
            ],
            [
              -1.0000000000000004,
              1.9918422598628234E-16,
              -8.7999928928777045E-16
            ]
          ],
          "translation_cm": [
            68.649421487603036,
            -2.7395040450297308,
            64.500000000000014
          ]
        }
      },
      {
        "node_id": "1629529800-M9.ipt:1",
        "file_name": "E:\\Phase 1\\New-Assemblies\\PRANA - Assembly Automation\\Assembly 24\\Workspaces\\1629529800\\1629529800-M9.ipt",
        "component_type": "kPartDocumentObject",
        "grounded": false,
        "suppressed": false,
        "visible": true,
        "adaptive": false,
        "flexible": false,
        "dof_translation": 0,
        "dof_rotation": 0,
        "fully_constrained": true,
        "transform": {
          "rotation_matrix": [
            [
              0.99999999999999922,
              1.2767564783189288E-15,
              -3.1337569606684589E-16
            ],
            [
              -6.66133814775093E-16,
              0.99999999999999789,
              9.9375982053539673E-31
            ],
            [
              -1.9923182372745653E-16,
              -2.5055760050225664E-17,
              0.99999999999999967
            ]
          ],
          "translation_cm": [
            9.1894214876030045,
            -4.7395040450297392,
            4.1000000000000423
          ]
        }
      },
      {
        "node_id": "1629529800-M10.ipt:1",
        "file_name": "E:\\Phase 1\\New-Assemblies\\PRANA - Assembly Automation\\Assembly 24\\Workspaces\\1629529800\\1629529800-M10.ipt",
        "component_type": "kPartDocumentObject",
        "grounded": false,
        "suppressed": false,
        "visible": true,
        "adaptive": false,
        "flexible": false,
        "dof_translation": 0,
        "dof_rotation": 0,
        "fully_constrained": true,
        "transform": {
          "rotation_matrix": [
            [
              2.7755575615627139E-17,
              7.2668309541540118E-16,
              0.99999999999999833
            ],
            [
              1.0000000000000002,
              7.368040538685767E-31,
              1.387778780781617E-17
            ],
            [
              6.9591571954612151E-17,
              0.99999999999999845,
              -7.3189914125878651E-16
            ]
          ],
          "translation_cm": [
            57.269421487602969,
            -4.7395040450297339,
            4.100000000000116
          ]
        }
      },
      {
        "node_id": "1629529800-M11.ipt:1",
        "file_name": "E:\\Phase 1\\New-Assemblies\\PRANA - Assembly Automation\\Assembly 24\\Workspaces\\1629529800\\1629529800-M11.ipt",
        "component_type": "kPartDocumentObject",
        "grounded": false,
        "suppressed": false,
        "visible": true,
        "adaptive": false,
        "flexible": false,
        "dof_translation": 0,
        "dof_rotation": 0,
        "fully_constrained": true,
        "transform": {
          "rotation_matrix": [
            [
              -1.7261584390943155E-30,
              -1.0,
              4.7178805578913353E-16
            ],
            [
              1.0,
              -1.8724942320531983E-30,
              7.7160105906530079E-31
            ],
            [
              -7.716010590653E-31,
              4.7178805578913353E-16,
              1.0
            ]
          ],
          "translation_cm": [
            51.269421487603026,
            -4.739504045029733,
            9.699999999999962
          ]
        }
      },
      {
        "node_id": "1629529800-M20.ipt:1",
        "file_name": "E:\\Phase 1\\New-Assemblies\\PRANA - Assembly Automation\\Assembly 24\\Workspaces\\1629529800\\1629529800-M20.ipt",
        "component_type": "kPartDocumentObject",
        "grounded": false,
        "suppressed": false,
        "visible": true,
        "adaptive": false,
        "flexible": false,
        "dof_translation": 0,
        "dof_rotation": 0,
        "fully_constrained": true,
        "transform": {
          "rotation_matrix": [
            [
              -1.0000000000000024,
              -5.6091986936580445E-17,
              6.9883218480877879E-16
            ],
            [
              5.60919869365805E-17,
              -1.0000000000000024,
              -3.1366839735662948E-17
            ],
            [
              6.9883218480877879E-16,
              -3.1366839735662979E-17,
              1.0000000000000024
            ]
          ],
          "translation_cm": [
            30.519421487603058,
            5.8804959549702929,
            76.89999999999992
          ]
        }
      },
      {
        "node_id": "1629529800-M21.ipt:1",
        "file_name": "E:\\Phase 1\\New-Assemblies\\PRANA - Assembly Automation\\Assembly 24\\Workspaces\\1629529800\\1629529800-M21.ipt",
        "component_type": "kPartDocumentObject",
        "grounded": false,
        "suppressed": false,
        "visible": true,
        "adaptive": false,
        "flexible": false,
        "dof_translation": 3,
        "dof_rotation": 3,
        "fully_constrained": false,
        "transform": {
          "rotation_matrix": [
            [
              -2.2127744058895323E-18,
              5.7840932759866055E-16,
              -1.0
            ],
            [
              -0.996776861495344,
              0.0802239888526746,
              4.86079455404713E-17
            ],
            [
              0.0802239888526746,
              0.996776861495344,
              5.76367504894042E-16
            ]
          ],
          "translation_cm": [
            35.6265,
            5.88049595497031,
            76.899999999999963
          ]
        }
      },
      {
        "node_id": "1625120862-M1.ipt:1",
        "file_name": "E:\\Phase 1\\New-Assemblies\\PRANA - Assembly Automation\\Assembly 24\\Workspaces\\1629529800\\1625120862-M1.ipt",
        "component_type": "kPartDocumentObject",
        "grounded": false,
        "suppressed": false,
        "visible": true,
        "adaptive": false,
        "flexible": false,
        "dof_translation": 3,
        "dof_rotation": 3,
        "fully_constrained": false,
        "transform": {
          "rotation_matrix": [
            [
              4.11583818842503E-32,
              -0.568044764253088,
              0.822997658443896
            ],
            [
              -1.0,
              -6.5840566819792115E-31,
              -4.0443068977829E-31
            ],
            [
              7.7160105906513912E-31,
              -0.822997658443896,
              -0.568044764253088
            ]
          ],
          "translation_cm": [
            64.869421487602963,
            -4.3395040450297335,
            3.619999999999945
          ]
        }
      },
      {
        "node_id": "1625120864-M1.ipt:1",
        "file_name": "E:\\Phase 1\\New-Assemblies\\PRANA - Assembly Automation\\Assembly 24\\Workspaces\\1629529800\\1625120864-M1.ipt",
        "component_type": "kPartDocumentObject",
        "grounded": false,
        "suppressed": false,
        "visible": true,
        "adaptive": false,
        "flexible": false,
        "dof_translation": 3,
        "dof_rotation": 3,
        "fully_constrained": false,
        "transform": {
          "rotation_matrix": [
            [
              3.61830718578589E-16,
              -0.213674004561833,
              0.976905020856433
            ],
            [
              1.0,
              -9.251231750726E-17,
              -3.90619527163262E-16
            ],
            [
              1.73840997227187E-16,
              0.976905020856433,
              0.213674004561833
            ]
          ],
          "translation_cm": [
            -0.980579,
            -4.7595,
            108.95
          ]
        }
      },
      {
        "node_id": "1625177022-M2.ipt:1",
        "file_name": "E:\\Phase 1\\New-Assemblies\\PRANA - Assembly Automation\\Assembly 24\\Workspaces\\1629529800\\1625177022-M2.ipt",
        "component_type": "kPartDocumentObject",
        "grounded": true,
        "suppressed": false,
        "visible": true,
        "adaptive": false,
        "flexible": false,
        "dof_translation": 0,
        "dof_rotation": 0,
        "fully_constrained": false,
        "transform": {
          "rotation_matrix": [
            [
              -0.722653975496248,
              -0.691209976562451,
              -2.95981543572842E-16
            ],
            [
              -2.13892277903313E-16,
              -2.04585355265533E-16,
              1.0
            ],
            [
              -0.691209976562451,
              0.722653975496248,
              -5.60854952826655E-23
            ]
          ],
          "translation_cm": [
            30.5194,
            -4.7395000000000005,
            86.6
          ]
        }
      },
      {
        "node_id": "1625177022-M2.ipt:2",
        "file_name": "E:\\Phase 1\\New-Assemblies\\PRANA - Assembly Automation\\Assembly 24\\Workspaces\\1629529800\\1625177022-M2.ipt",
        "component_type": "kPartDocumentObject",
        "grounded": true,
        "suppressed": false,
        "visible": true,
        "adaptive": false,
        "flexible": false,
        "dof_translation": 0,
        "dof_rotation": 0,
        "fully_constrained": false,
        "transform": {
          "rotation_matrix": [
            [
              -0.580985787477645,
              -0.813913702273514,
              2.68224362255734E-28
            ],
            [
              1.55206459528674E-28,
              2.18759820171341E-28,
              1.0
            ],
            [
              -0.813913702273514,
              0.580985787477645,
              -7.71682298598895E-31
            ]
          ],
          "translation_cm": [
            30.5194,
            -4.7395000000000005,
            66.2
          ]
        }
      },
      {
        "node_id": "0298100030-M6x1.ipt:1",
        "file_name": "E:\\Phase 1\\New-Assemblies\\PRANA - Assembly Automation\\Assembly 24\\Workspaces\\1629529800\\0298100030-M6x1.ipt",
        "component_type": "kPartDocumentObject",
        "grounded": false,
        "suppressed": false,
        "visible": true,
        "adaptive": false,
        "flexible": false,
        "dof_translation": 0,
        "dof_rotation": 0,
        "fully_constrained": true,
        "transform": {
          "rotation_matrix": [
            [
              0.661102850109646,
              -0.75029528958728087,
              5.7348745794657811E-30
            ],
            [
              4.3410952041024936E-30,
              -3.8184463952234964E-30,
              -1.0
            ],
            [
              0.75029528958728087,
              0.661102850109646,
              7.327270915439512E-31
            ]
          ],
          "translation_cm": [
            66.774892917790666,
            -4.779504045029733,
            93.101843036905649
          ]
        }
      },
      {
        "node_id": "0298100030-M6x1.ipt:2",
        "file_name": "E:\\Phase 1\\New-Assemblies\\PRANA - Assembly Automation\\Assembly 24\\Workspaces\\1629529800\\0298100030-M6x1.ipt",
        "component_type": "kPartDocumentObject",
        "grounded": false,
        "suppressed": false,
        "visible": true,
        "adaptive": false,
        "flexible": false,
        "dof_translation": 0,
        "dof_rotation": 0,
        "fully_constrained": true,
        "transform": {
          "rotation_matrix": [
            [
              0.6611028501096381,
              -0.75029528958728731,
              2.0448236925399178E-29
            ],
            [
              1.4068144929023937E-29,
              -1.4857810568975484E-29,
              -1.0
            ],
            [
              0.75029528958728731,
              0.6611028501096381,
              7.32731412265744E-31
            ]
          ],
          "translation_cm": [
            66.759618225543676,
            -4.779504045029733,
            90.101973842176989
          ]
        }
      },
      {
        "node_id": "0298100030-M6x1.ipt:3",
        "file_name": "E:\\Phase 1\\New-Assemblies\\PRANA - Assembly Automation\\Assembly 24\\Workspaces\\1629529800\\0298100030-M6x1.ipt",
        "component_type": "kPartDocumentObject",
        "grounded": false,
        "suppressed": false,
        "visible": true,
        "adaptive": false,
        "flexible": false,
        "dof_translation": 0,
        "dof_rotation": 0,
        "fully_constrained": true,
        "transform": {
          "rotation_matrix": [
            [
              0.6611028501096381,
              -0.7502952895872872,
              -2.7156168018109917E-32
            ],
            [
              5.3179932065468582E-31,
              5.0477654412401163E-31,
              -1.0
            ],
            [
              0.7502952895872872,
              0.6611028501096381,
              7.3272189552533744E-31
            ]
          ],
          "translation_cm": [
            66.779224749665531,
            -4.779504045029733,
            23.098026157821064
          ]
        }
      },
      {
        "node_id": "0298100030-M6x1.ipt:4",
        "file_name": "E:\\Phase 1\\New-Assemblies\\PRANA - Assembly Automation\\Assembly 24\\Workspaces\\1629529800\\0298100030-M6x1.ipt",
        "component_type": "kPartDocumentObject",
        "grounded": false,
        "suppressed": false,
        "visible": true,
        "adaptive": false,
        "flexible": false,
        "dof_translation": 0,
        "dof_rotation": 0,
        "fully_constrained": true,
        "transform": {
          "rotation_matrix": [
            [
              0.66110285010965264,
              -0.75029528958727443,
              1.808796436895047E-29
            ],
            [
              1.2507762168615568E-29,
              -1.3086910447178069E-29,
              -1.0
            ],
            [
              0.75029528958727443,
              0.66110285010965264,
              7.3272715085704069E-31
            ]
          ],
          "translation_cm": [
            66.779224749665531,
            -4.779504045029733,
            20.098026157821064
          ]
        }
      },
      {
        "node_id": "0298100114-M8x1.25.ipt:1",
        "file_name": "E:\\Phase 1\\New-Assemblies\\PRANA - Assembly Automation\\Assembly 24\\Workspaces\\1629529800\\0298100114-M8x1.25.ipt",
        "component_type": "kPartDocumentObject",
        "grounded": false,
        "suppressed": false,
        "visible": true,
        "adaptive": false,
        "flexible": false,
        "dof_translation": 3,
        "dof_rotation": 3,
        "fully_constrained": false,
        "transform": {
          "rotation_matrix": [
            [
              -0.0514686798576036,
              0.998674609166197,
              -5.74425905294173E-14
            ],
            [
              -0.998674609166197,
              -0.0514686798576036,
              -2.41108734849224E-16
            ],
            [
              -3.19728417099396E-15,
              5.73540473895402E-14,
              1.0
            ]
          ],
          "translation_cm": [
            -3.3305800000000003,
            -3.5595,
            112.203
          ]
        }
      },
      {
        "node_id": "0298100114-M8x1.25.ipt:2",
        "file_name": "E:\\Phase 1\\New-Assemblies\\PRANA - Assembly Automation\\Assembly 24\\Workspaces\\1629529800\\0298100114-M8x1.25.ipt",
        "component_type": "kPartDocumentObject",
        "grounded": false,
        "suppressed": false,
        "visible": true,
        "adaptive": false,
        "flexible": false,
        "dof_translation": 3,
        "dof_rotation": 3,
        "fully_constrained": false,
        "transform": {
          "rotation_matrix": [
            [
              3.3320058031650418E-14,
              1.0000000000000258,
              -5.7660564490845654E-14
            ],
            [
              -1.0000000000000229,
              9.8212593820990956E-14,
              -8.4859663575474241E-16
            ],
            [
              3.3925022253549884E-16,
              5.7164181414705987E-14,
              0.99999999999999867
            ]
          ],
          "translation_cm": [
            -5.0305785123969713,
            4.1404959549702678,
            112.20300000000007
          ]
        }
      },
      {
        "node_id": "0298100114-M8x1.25.ipt:3",
        "file_name": "E:\\Phase 1\\New-Assemblies\\PRANA - Assembly Automation\\Assembly 24\\Workspaces\\1629529800\\0298100114-M8x1.25.ipt",
        "component_type": "kPartDocumentObject",
        "grounded": false,
        "suppressed": false,
        "visible": true,
        "adaptive": false,
        "flexible": false,
        "dof_translation": 3,
        "dof_rotation": 3,
        "fully_constrained": false,
        "transform": {
          "rotation_matrix": [
            [
              0.480141136753279,
              0.877191249840663,
              -3.9338872408904E-16
            ],
            [
              1.2418516608615E-15,
              -1.1282060283435E-15,
              -1.0
            ],
            [
              -0.877191249840663,
              0.480141136753279,
              -1.63104092910236E-15
            ]
          ],
          "translation_cm": [
            2.26942,
            -4.7625,
            15.0
          ]
        }
      },
      {
        "node_id": "0298100114-M8x1.25.ipt:4",
        "file_name": "E:\\Phase 1\\New-Assemblies\\PRANA - Assembly Automation\\Assembly 24\\Workspaces\\1629529800\\0298100114-M8x1.25.ipt",
        "component_type": "kPartDocumentObject",
        "grounded": false,
        "suppressed": false,
        "visible": true,
        "adaptive": false,
        "flexible": false,
        "dof_translation": 3,
        "dof_rotation": 3,
        "fully_constrained": false,
        "transform": {
          "rotation_matrix": [
            [
              0.480141136753279,
              0.877191249840663,
              -3.9338872408904E-16
            ],
            [
              -1.888819477785009E-16,
              -3.4507685170349982E-16,
              -1.0
            ],
            [
              -0.877191249840663,
              0.480141136753279,
              -1.3936534074783125E-21
            ]
          ],
          "translation_cm": [
            60.269421487602976,
            -4.7625040450297584,
            14.999999999999948
          ]
        }
      },
      {
        "node_id": "0298100114-M8x1.25.ipt:5",
        "file_name": "E:\\Phase 1\\New-Assemblies\\PRANA - Assembly Automation\\Assembly 24\\Workspaces\\1629529800\\0298100114-M8x1.25.ipt",
        "component_type": "kPartDocumentObject",
        "grounded": false,
        "suppressed": false,
        "visible": true,
        "adaptive": false,
        "flexible": false,
        "dof_translation": 3,
        "dof_rotation": 3,
        "fully_constrained": false,
        "transform": {
          "rotation_matrix": [
            [
              -0.917257315961098,
              0.398295137197891,
              -1.58845609432795E-15
            ],
            [
              1.4570214679349997E-15,
              -6.3267368422500117E-16,
              -1.0
            ],
            [
              -0.398295137197891,
              -0.917257315961098,
              5.582676766354916E-22
            ]
          ],
          "translation_cm": [
            60.269421487603005,
            -4.7625040450297567,
            55.499999999999957
          ]
        }
      },
      {
        "node_id": "0298100114-M8x1.25.ipt:6",
        "file_name": "E:\\Phase 1\\New-Assemblies\\PRANA - Assembly Automation\\Assembly 24\\Workspaces\\1629529800\\0298100114-M8x1.25.ipt",
        "component_type": "kPartDocumentObject",
        "grounded": false,
        "suppressed": false,
        "visible": true,
        "adaptive": false,
        "flexible": false,
        "dof_translation": 3,
        "dof_rotation": 3,
        "fully_constrained": false,
        "transform": {
          "rotation_matrix": [
            [
              0.480141136753279,
              0.877191249840663,
              -3.93388724089044E-16
            ],
            [
              -1.8888194777850071E-16,
              -3.450768517035E-16,
              -1.0
            ],
            [
              -0.877191249840663,
              0.480141136753279,
              -1.3936534078727429E-21
            ]
          ],
          "translation_cm": [
            2.2694214876030014,
            -4.7625040450297353,
            55.5
          ]
        }
      },
      {
        "node_id": "0298100114-M8x1.25.ipt:7",
        "file_name": "E:\\Phase 1\\New-Assemblies\\PRANA - Assembly Automation\\Assembly 24\\Workspaces\\1629529800\\0298100114-M8x1.25.ipt",
        "component_type": "kPartDocumentObject",
        "grounded": false,
        "suppressed": false,
        "visible": true,
        "adaptive": false,
        "flexible": false,
        "dof_translation": 3,
        "dof_rotation": 3,
        "fully_constrained": false,
        "transform": {
          "rotation_matrix": [
            [
              2.5992586069127171E-14,
              1.0000000000000244,
              1.982503462827186E-16
            ],
            [
              -1.0000000000000215,
              9.0885121858466185E-14,
              -5.8233551607256863E-14
            ],
            [
              -5.7045704748970062E-14,
              -6.9463342241873814E-16,
              0.99999999999999867
            ]
          ],
          "translation_cm": [
            64.369421487603063,
            -3.5595040450297404,
            112.20300000000002
          ]
        }
      },
      {
        "node_id": "0298100114-M8x1.25.ipt:8",
        "file_name": "E:\\Phase 1\\New-Assemblies\\PRANA - Assembly Automation\\Assembly 24\\Workspaces\\1629529800\\0298100114-M8x1.25.ipt",
        "component_type": "kPartDocumentObject",
        "grounded": false,
        "suppressed": false,
        "visible": true,
        "adaptive": false,
        "flexible": false,
        "dof_translation": 3,
        "dof_rotation": 3,
        "fully_constrained": false,
        "transform": {
          "rotation_matrix": [
            [
              9.1547786226293377E-14,
              1.0000000000000251,
              1.982503462827858E-16
            ],
            [
              -1.0000000000000222,
              1.5644032201563022E-13,
              -5.8233551607256889E-14
            ],
            [
              -5.7045704748970151E-14,
              -6.9463342241499716E-16,
              0.99999999999999867
            ]
          ],
          "translation_cm": [
            31.169421487603074,
            -3.5595040450297328,
            112.203
          ]
        }
      },
      {
        "node_id": "0298100114-M8x1.25.ipt:9",
        "file_name": "E:\\Phase 1\\New-Assemblies\\PRANA - Assembly Automation\\Assembly 24\\Workspaces\\1629529800\\0298100114-M8x1.25.ipt",
        "component_type": "kPartDocumentObject",
        "grounded": false,
        "suppressed": false,
        "visible": true,
        "adaptive": false,
        "flexible": false,
        "dof_translation": 3,
        "dof_rotation": 3,
        "fully_constrained": false,
        "transform": {
          "rotation_matrix": [
            [
              -1.96106560708329E-16,
              -2.29636700696416E-15,
              -1.0
            ],
            [
              -0.480141136753279,
              -0.877191249840663,
              2.10851220804866E-15
            ],
            [
              -0.877191249840663,
              0.480141136753279,
              -9.3055869969235E-16
            ]
          ],
          "translation_cm": [
            -6.23358,
            1.6405,
            1.25
          ]
        }
      },
      {
        "node_id": "0298100114-M8x1.25.ipt:10",
        "file_name": "E:\\Phase 1\\New-Assemblies\\PRANA - Assembly Automation\\Assembly 24\\Workspaces\\1629529800\\0298100114-M8x1.25.ipt",
        "component_type": "kPartDocumentObject",
        "grounded": false,
        "suppressed": false,
        "visible": true,
        "adaptive": false,
        "flexible": false,
        "dof_translation": 3,
        "dof_rotation": 3,
        "fully_constrained": false,
        "transform": {
          "rotation_matrix": [
            [
              -0.216317991622761,
              -0.976322962190427,
              -2.30715235213373E-16
            ],
            [
              1.4158903852783781E-16,
              -2.6768141675785651E-16,
              1.0
            ],
            [
              -0.976322962190427,
              0.216317991622761,
              1.9614110195342615E-16
            ]
          ],
          "translation_cm": [
            62.489421487603039,
            -2.8365040450297321,
            63.500000000000014
          ]
        }
      },
      {
        "node_id": "1625167461-M1.ipt:1",
        "file_name": "E:\\Phase 1\\New-Assemblies\\PRANA - Assembly Automation\\Assembly 24\\Workspaces\\1629529800\\1625167461-M1.ipt",
        "component_type": "kPartDocumentObject",
        "grounded": false,
        "suppressed": false,
        "visible": true,
        "adaptive": false,
        "flexible": false,
        "dof_translation": 3,
        "dof_rotation": 3,
        "fully_constrained": false,
        "transform": {
          "rotation_matrix": [
            [
              -6.29286285597507E-17,
              0.0922482040543435,
              -0.995736043762976
            ],
            [
              6.1232343733673521E-17,
              0.995736043762976,
              0.0922482040543435
            ],
            [
              1.0,
              -5.5166205008794453E-17,
              -6.8308768686511162E-17
            ]
          ],
          "translation_cm": [
            53.869421487603034,
            -3.7595040450297339,
            0.5199999999999565
          ]
        }
      },
      {
        "node_id": "1625167461-M1.ipt:2",
        "file_name": "E:\\Phase 1\\New-Assemblies\\PRANA - Assembly Automation\\Assembly 24\\Workspaces\\1629529800\\1625167461-M1.ipt",
        "component_type": "kPartDocumentObject",
        "grounded": false,
        "suppressed": false,
        "visible": true,
        "adaptive": false,
        "flexible": false,
        "dof_translation": 3,
        "dof_rotation": 3,
        "fully_constrained": false,
        "transform": {
          "rotation_matrix": [
            [
              1.00195124643731E-15,
              0.585091963855064,
              0.810966949901297
            ],
            [
              6.1232229072648157E-17,
              -0.810966949901297,
              0.585091963855064
            ],
            [
              1.0,
              -5.3657626033174551E-16,
              -8.4837595429871363E-16
            ]
          ],
          "translation_cm": [
            18.669421487603049,
            -3.7595040450297317,
            0.519999999999981
          ]
        }
      },
      {
        "node_id": "0301232100-M1-00.ipt:1",
        "file_name": "E:\\Phase 1\\New-Assemblies\\PRANA - Assembly Automation\\Assembly 24\\Workspaces\\1629529800\\0301232100-M1-00.ipt",
        "component_type": "kPartDocumentObject",
        "grounded": false,
        "suppressed": false,
        "visible": true,
        "adaptive": false,
        "flexible": false,
        "dof_translation": 3,
        "dof_rotation": 3,
        "fully_constrained": false,
        "transform": {
          "rotation_matrix": [
            [
              -0.175895957600533,
              0.984408762709687,
              6.1210113643484E-15
            ],
            [
              -2.8578265526119516E-15,
              -6.7285991338248851E-15,
              1.0
            ],
            [
              0.984408762709687,
              0.175895957600533,
              3.9968029900404678E-15
            ]
          ],
          "translation_cm": [
            30.519421487603037,
            -4.6195040450296574,
            86.6
          ]
        }
      },
      {
        "node_id": "0333217426-M1.ipt:1",
        "file_name": "E:\\Phase 1\\New-Assemblies\\PRANA - Assembly Automation\\Assembly 24\\Workspaces\\1629529800\\0333217426-M1.ipt",
        "component_type": "kPartDocumentObject",
        "grounded": false,
        "suppressed": false,
        "visible": true,
        "adaptive": false,
        "flexible": false,
        "dof_translation": 3,
        "dof_rotation": 3,
        "fully_constrained": false,
        "transform": {
          "rotation_matrix": [
            [
              1.0,
              -1.1542572955683528E-13,
              1.7853812336222586E-14
            ],
            [
              -1.6402169063073953E-14,
              3.9968028886524434E-15,
              0.99999999999999822
            ],
            [
              -1.1521709131103638E-13,
              -0.99999999999999734,
              3.9179268061564629E-15
            ]
          ],
          "translation_cm": [
            30.519421487602976,
            -4.4595040450296572,
            86.600000000000009
          ]
        }
      },
      {
        "node_id": "0261109097-M1.ipt:1",
        "file_name": "E:\\Phase 1\\New-Assemblies\\PRANA - Assembly Automation\\Assembly 24\\Workspaces\\1629529800\\0261109097-M1.ipt",
        "component_type": "kPartDocumentObject",
        "grounded": false,
        "suppressed": false,
        "visible": true,
        "adaptive": false,
        "flexible": false,
        "dof_translation": 3,
        "dof_rotation": 3,
        "fully_constrained": false,
        "transform": {
          "rotation_matrix": [
            [
              1.0,
              9.1852369452649035E-14,
              -3.831631414152281E-14
            ],
            [
              -3.8196938497924485E-14,
              -3.9968028886540621E-15,
              -0.99999999999999845
            ],
            [
              -9.1491546969645114E-14,
              0.99999999999999822,
              -4.1382234648560066E-15
            ]
          ],
          "translation_cm": [
            30.5194214876029,
            -3.9695040450296597,
            86.600000000000009
          ]
        }
      },
      {
        "node_id": "0301232100-M1-00.ipt:2",
        "file_name": "E:\\Phase 1\\New-Assemblies\\PRANA - Assembly Automation\\Assembly 24\\Workspaces\\1629529800\\0301232100-M1-00.ipt",
        "component_type": "kPartDocumentObject",
        "grounded": false,
        "suppressed": false,
        "visible": true,
        "adaptive": false,
        "flexible": false,
        "dof_translation": 3,
        "dof_rotation": 3,
        "fully_constrained": false,
        "transform": {
          "rotation_matrix": [
            [
              -0.175895957600533,
              0.984408762709687,
              6.1210121953304E-15
            ],
            [
              1.0766613799653236E-15,
              -6.0255784804104915E-15,
              1.0
            ],
            [
              0.984408762709687,
              0.175895957600533,
              1.013913958541569E-22
            ]
          ],
          "translation_cm": [
            30.519421487603022,
            -4.6195040450297284,
            66.199999999999946
          ]
        }
      },
      {
        "node_id": "0333217426-M1.ipt:2",
        "file_name": "E:\\Phase 1\\New-Assemblies\\PRANA - Assembly Automation\\Assembly 24\\Workspaces\\1629529800\\0333217426-M1.ipt",
        "component_type": "kPartDocumentObject",
        "grounded": false,
        "suppressed": false,
        "visible": true,
        "adaptive": false,
        "flexible": false,
        "dof_translation": 3,
        "dof_rotation": 3,
        "fully_constrained": false,
        "transform": {
          "rotation_matrix": [
            [
              0.909443780339717,
              0.415826899564265,
              1.60918239621956E-14
            ],
            [
              -1.4634609662524888E-14,
              -6.6914134703607167E-15,
              1.0
            ],
            [
              0.415826899564265,
              -0.909443780339717,
              -1.9270311508235746E-22
            ]
          ],
          "translation_cm": [
            30.519421487603005,
            -4.4595040450297283,
            66.199999999999946
          ]
        }
      },
      {
        "node_id": "0261109097-M1.ipt:2",
        "file_name": "E:\\Phase 1\\New-Assemblies\\PRANA - Assembly Automation\\Assembly 24\\Workspaces\\1629529800\\0261109097-M1.ipt",
        "component_type": "kPartDocumentObject",
        "grounded": false,
        "suppressed": false,
        "visible": true,
        "adaptive": false,
        "flexible": false,
        "dof_translation": 3,
        "dof_rotation": 3,
        "fully_constrained": false,
        "transform": {
          "rotation_matrix": [
            [
              0.896949996446284,
              -0.442131998248273,
              -3.59732305789858E-14
            ],
            [
              -3.2266189040220145E-14,
              1.5904916319449926E-14,
              -1.0
            ],
            [
              0.442131998248273,
              0.896949996446284,
              1.0677515602535176E-24
            ]
          ],
          "translation_cm": [
            30.519421487602909,
            -3.9695040450297285,
            66.199999999999946
          ]
        }
      }
    ],
    "constraint_edges": [
      {
        "constraint_name": "Flush:1",
        "constraint_type": "kFlushConstraint",
        "suppressed": false,
        "health_status": "kUpToDateHealth",
        "node_one_id": "0298100114-M8x1.25.ipt:2",
        "node_two_id": "0298100114-M8x1.25.ipt:1",
        "offset_cm": 0.0,
        "angle_rad": null,
        "entity_one": {
          "entity_type": "67119520",
          "proxy_context_occurrence": "0298100114-M8x1.25.ipt:2",
          "owner_document": "E:\\Phase 1\\New-Assemblies\\PRANA - Assembly Automation\\Assembly 24\\Workspaces\\1629529800\\0298100114-M8x1.25.ipt",
          "reference_key_string": "AQQIAEgAAAAAAAAAAgAAAAEAAAADAAAABAAAAAYAAAAIAAAABgAAAAsAAAAGAAAADgAAAAYAAAARAAAABgAAABQAAAAGAAAAFgAAAAYAAAA=",
          "context_key_string": "nsIrpNQR6AFgAC2z7in7sAQAAB5AAADIMgIotS/9IIFFAwBkBQABAADtN0PA0xEdDmAAALgylIewAAABAQAAsS28CdARH+wACNywOz6oCQIBAACyBAAAAFQAZQBzAHQAjUPcUmtAkZIneTKaPPv+JAD/////AAAAAAAABgBICM1Q4SAAYOo/XxjmxA==",
          "surface_type": "kPlaneSurface",
          "area_cm2": 0.46167841805214366,
          "face_normal_at_center": [
            -7.0476478337523646E-33,
            3.0753372365464863E-33,
            1.0
          ],
          "face_point_at_center": [
            -1.3183898417423734E-16,
            0.0,
            0.096999999999999989
          ],
          "face_bbox_min": [
            -0.6000000000000002,
            -0.692820323027551,
            0.096999999999999989
          ],
          "face_bbox_max": [
