{
  "assembly_metadata": {
    "assembly_name": "1635882400-M1.iam",
    "full_file_name": "E:\\Phase 1\\New-Assemblies\\PRANA - Assembly Automation\\Assembly 7\\1635882400-M1.iam",
    "internal_name": "{F44A1FB3-4600-E621-18D1-9787962547AA}",
    "total_occurrences": 35,
    "total_constraints": 69
  },
  "physics": {
    "mass_kg": 13.450432280105382,
    "center_of_mass": [
      0.030954716338027495,
      -4.06070815220881,
      1.2484708183302942
    ],
    "inertia_tensor": [
      12767.995768551202,
      28000.794244614412,
      40679.13664514268,
      19.050732617615438,
      -65.135850956273487,
      1.8484384908674942
    ]
  },
  "assembly_graph": {
    "nodes": [
      {
        "node_id": "1635882401-M1:1",
        "file_name": "E:\\Phase 1\\New-Assemblies\\PRANA - Assembly Automation\\Assembly 7\\1635882401-M1.ipt",
        "component_type": "kPartDocumentObject",
        "grounded": true,
        "suppressed": false,
        "visible": true,
        "adaptive": false,
        "flexible": false,
        "dof_translation": 0,
        "dof_rotation": 0,
        "fully_constrained": false,
        "transform": {
          "rotation_matrix": [
            [
              1.0,
              1.52655665885967E-16,
              2.004464353693288E-15
            ],
            [
              -1.780156205685239E-16,
              1.0,
              -1.4907779871669465E-18
            ],
            [
              -2.0686577451023594E-15,
              -1.5468663105627075E-30,
              1.0000000000000164
            ]
          ],
          "translation_cm": [
            0.0,
            0.0,
            0.0
          ]
        }
      },
      {
        "node_id": "1615223001-M2:1",
        "file_name": "E:\\Phase 1\\New-Assemblies\\PRANA - Assembly Automation\\Assembly 7\\1615223001-M2.ipt",
        "component_type": "kPartDocumentObject",
        "grounded": false,
        "suppressed": false,
        "visible": true,
        "adaptive": false,
        "flexible": false,
        "dof_translation": 0,
        "dof_rotation": 1,
        "fully_constrained": false,
        "transform": {
          "rotation_matrix": [
            [
              1.0,
              -2.5366661946719043E-45,
              3.1544425488680593E-47
            ],
            [
              2.5366661946719043E-45,
              1.0,
              1.231054420452301E-30
            ],
            [
              3.1544425488680588E-47,
              -1.231054420452301E-30,
              1.0
            ]
          ],
          "translation_cm": [
            -68.750000000000028,
            -30.000000000000004,
            0.12500000000022185
          ]
        }
      },
      {
        "node_id": "1615223001-M2:2",
        "file_name": "E:\\Phase 1\\New-Assemblies\\PRANA - Assembly Automation\\Assembly 7\\1615223001-M2.ipt",
        "component_type": "kPartDocumentObject",
        "grounded": false,
        "suppressed": false,
        "visible": true,
        "adaptive": false,
        "flexible": false,
        "dof_translation": 0,
        "dof_rotation": 0,
        "fully_constrained": true,
        "transform": {
          "rotation_matrix": [
            [
              1.0,
              -2.5366661946719043E-45,
              3.1544425488680593E-47
            ],
            [
              2.5366661946719043E-45,
              1.0,
              1.231054420452301E-30
            ],
            [
              3.1544425488680588E-47,
              -1.231054420452301E-30,
              1.0
            ]
          ],
          "translation_cm": [
            68.749999999999972,
            -30.000000000000028,
            0.12499999999993741
          ]
        }
      },
      {
        "node_id": "1615223001-M2:3",
        "file_name": "E:\\Phase 1\\New-Assemblies\\PRANA - Assembly Automation\\Assembly 7\\1615223001-M2.ipt",
        "component_type": "kPartDocumentObject",
        "grounded": false,
        "suppressed": false,
        "visible": true,
        "adaptive": false,
        "flexible": false,
        "dof_translation": 0,
        "dof_rotation": 0,
        "fully_constrained": true,
        "transform": {
          "rotation_matrix": [
            [
              1.0,
              -2.5366661946719043E-45,
              3.1544425488680593E-47
            ],
            [
              2.5366661946719043E-45,
              1.0,
              1.231054420452301E-30
            ],
            [
              3.1544425488680588E-47,
              -1.231054420452301E-30,
              1.0
            ]
          ],
          "translation_cm": [
            -68.750000000000014,
            29.999999999999996,
            0.12500000000022185
          ]
        }
      },
      {
        "node_id": "1615223001-M2:4",
        "file_name": "E:\\Phase 1\\New-Assemblies\\PRANA - Assembly Automation\\Assembly 7\\1615223001-M2.ipt",
        "component_type": "kPartDocumentObject",
        "grounded": false,
        "suppressed": false,
        "visible": true,
        "adaptive": false,
        "flexible": false,
        "dof_translation": 0,
        "dof_rotation": 0,
        "fully_constrained": true,
        "transform": {
          "rotation_matrix": [
            [
              1.0,
              -2.5366661946719043E-45,
              3.1544425488680593E-47
            ],
            [
              2.5366661946719043E-45,
              1.0,
              1.231054420452301E-30
            ],
            [
              3.1544425488680588E-47,
              -1.231054420452301E-30,
              1.0
            ]
          ],
          "translation_cm": [
            68.749999999999972,
            29.999999999999975,
            0.12499999999993741
          ]
        }
      },
      {
        "node_id": "0298100025-M1-00:1",
        "file_name": "E:\\Phase 1\\New-Assemblies\\PRANA - Assembly Automation\\Assembly 7\\0298100025-M1-00.ipt",
        "component_type": "kPartDocumentObject",
        "grounded": false,
        "suppressed": false,
        "visible": true,
        "adaptive": false,
        "flexible": false,
        "dof_translation": 0,
        "dof_rotation": 0,
        "fully_constrained": true,
        "transform": {
          "rotation_matrix": [
            [
              -0.866025403784459,
              -0.49999999999996314,
              -4.8102153127725183E-15
            ],
            [
              -0.49999999999996347,
              0.86602540378445891,
              6.9610208941662457E-16
            ],
            [
              3.7091132201174119E-15,
              2.1414575160893774E-15,
              -0.99999999999999889
            ]
          ],
          "translation_cm": [
            -68.75,
            -46.599999999999994,
            0.080000000000294377
          ]
        }
      },
      {
        "node_id": "0298100025-M1-00:2",
        "file_name": "E:\\Phase 1\\New-Assemblies\\PRANA - Assembly Automation\\Assembly 7\\0298100025-M1-00.ipt",
        "component_type": "kPartDocumentObject",
        "grounded": false,
        "suppressed": false,
        "visible": true,
        "adaptive": false,
        "flexible": false,
        "dof_translation": 0,
        "dof_rotation": 0,
        "fully_constrained": true,
        "transform": {
          "rotation_matrix": [
            [
              -0.86602540378441717,
              0.50000000000003642,
              -2.836594435875183E-15
            ],
            [
              0.5000000000000363,
              0.86602540378441684,
              8.0470648312491289E-16
            ],
            [
              2.7503116895556283E-15,
              -1.5878931943204723E-15,
              -0.99999999999999889
            ]
          ],
          "translation_cm": [
            68.750000000000043,
            46.600000000000009,
            0.079999999999857727
          ]
        }
      },
      {
        "node_id": "0298100025-M1-00:7",
        "file_name": "E:\\Phase 1\\New-Assemblies\\PRANA - Assembly Automation\\Assembly 7\\0298100025-M1-00.ipt",
        "component_type": "kPartDocumentObject",
        "grounded": false,
        "suppressed": false,
        "visible": true,
        "adaptive": false,
        "flexible": false,
        "dof_translation": 0,
        "dof_rotation": 0,
        "fully_constrained": true,
        "transform": {
          "rotation_matrix": [
            [
              0.86602540378441362,
              -0.50000000000004208,
              -1.3007210543295211E-15
            ],
            [
              -0.50000000000004186,
              -0.86602540378441328,
              -8.0470648312489948E-16
            ],
            [
              -8.3270862843244012E-16,
              4.8076455078204921E-16,
              -0.99999999999999889
            ]
          ],
          "translation_cm": [
            -62.200000000000074,
            29.900000000000013,
            0.080000000000059773
          ]
        }
      },
      {
        "node_id": "0298100025-M1-00:8",
        "file_name": "E:\\Phase 1\\New-Assemblies\\PRANA - Assembly Automation\\Assembly 7\\0298100025-M1-00.ipt",
        "component_type": "kPartDocumentObject",
        "grounded": false,
        "suppressed": false,
        "visible": true,
        "adaptive": false,
        "flexible": false,
        "dof_translation": 0,
        "dof_rotation": 0,
        "fully_constrained": true,
        "transform": {
          "rotation_matrix": [
            [
              0.86602540378441362,
              -0.50000000000004208,
              -1.3007210543295211E-15
            ],
            [
              -0.50000000000004186,
              -0.86602540378441328,
              -8.0470648312489977E-16
            ],
            [
              -8.3270862843243993E-16,
              4.807645507820495E-16,
              -0.99999999999999889
            ]
          ],
          "translation_cm": [
            -62.200000000000074,
            9.9000000000000217,
            0.080000000000059773
          ]
        }
      },
      {
        "node_id": "0298100025-M1-00:9",
        "file_name": "E:\\Phase 1\\New-Assemblies\\PRANA - Assembly Automation\\Assembly 7\\0298100025-M1-00.ipt",
        "component_type": "kPartDocumentObject",
        "grounded": false,
        "suppressed": false,
        "visible": true,
        "adaptive": false,
        "flexible": false,
        "dof_translation": 0,
        "dof_rotation": 0,
        "fully_constrained": true,
        "transform": {
          "rotation_matrix": [
            [
              0.86602540378441362,
              -0.50000000000004208,
              -1.3007210543295211E-15
            ],
            [
              -0.50000000000004186,
              -0.86602540378441328,
              -8.0470648312489977E-16
            ],
            [
              -8.3270862843243993E-16,
              4.807645507820495E-16,
              -0.99999999999999889
            ]
          ],
          "translation_cm": [
            62.24999999999995,
            9.900000000000011,
            0.079999999999871188
          ]
        }
      },
      {
        "node_id": "0298100025-M1-00:10",
        "file_name": "E:\\Phase 1\\New-Assemblies\\PRANA - Assembly Automation\\Assembly 7\\0298100025-M1-00.ipt",
        "component_type": "kPartDocumentObject",
        "grounded": false,
        "suppressed": false,
        "visible": true,
        "adaptive": false,
        "flexible": false,
        "dof_translation": 0,
        "dof_rotation": 0,
        "fully_constrained": true,
        "transform": {
          "rotation_matrix": [
            [
              0.86602540378441362,
              -0.50000000000004208,
              -1.3007210543295211E-15
            ],
            [
              -0.50000000000004186,
              -0.86602540378441328,
              -8.0470648312489977E-16
            ],
            [
              -8.3270862843243993E-16,
              4.807645507820495E-16,
              -0.99999999999999889
            ]
          ],
          "translation_cm": [
            -44.975000000000072,
            45.10000000000003,
            0.080000000000093
          ]
        }
      },
      {
        "node_id": "0298100025-M1-00:11",
        "file_name": "E:\\Phase 1\\New-Assemblies\\PRANA - Assembly Automation\\Assembly 7\\0298100025-M1-00.ipt",
        "component_type": "kPartDocumentObject",
        "grounded": false,
        "suppressed": false,
        "visible": true,
        "adaptive": false,
        "flexible": false,
        "dof_translation": 0,
        "dof_rotation": 0,
        "fully_constrained": true,
        "transform": {
          "rotation_matrix": [
            [
              0.86602540378441362,
              -0.50000000000004208,
              -1.3007210543295211E-15
            ],
            [
              -0.50000000000004186,
              -0.86602540378441328,
              -8.0470648312489977E-16
            ],
            [
              -8.3270862843243993E-16,
              4.807645507820495E-16,
              -0.99999999999999889
            ]
          ],
          "translation_cm": [
            15.024999999999924,
            45.10000000000003,
            0.079999999999985513
          ]
        }
      },
      {
        "node_id": "0298100025-M1-00:12",
        "file_name": "E:\\Phase 1\\New-Assemblies\\PRANA - Assembly Automation\\Assembly 7\\0298100025-M1-00.ipt",
        "component_type": "kPartDocumentObject",
        "grounded": false,
        "suppressed": false,
        "visible": true,
        "adaptive": false,
        "flexible": false,
        "dof_translation": 0,
        "dof_rotation": 0,
        "fully_constrained": true,
        "transform": {
          "rotation_matrix": [
            [
              0.86602540378441362,
              -0.50000000000004208,
              -1.3007210543295211E-15
            ],
            [
              -0.50000000000004186,
              -0.86602540378441328,
              -8.0470648312489948E-16
            ],
            [
              -8.3270862843244012E-16,
              4.8076455078204921E-16,
              -0.99999999999999889
            ]
          ],
          "translation_cm": [
            62.249999999999964,
            29.900000000000009,
            0.079999999999871188
          ]
        }
      },
      {
        "node_id": "0298100025-M1-00:13",
        "file_name": "E:\\Phase 1\\New-Assemblies\\PRANA - Assembly Automation\\Assembly 7\\0298100025-M1-00.ipt",
        "component_type": "kPartDocumentObject",
        "grounded": false,
        "suppressed": false,
        "visible": true,
        "adaptive": false,
        "flexible": false,
        "dof_translation": 0,
        "dof_rotation": 0,
        "fully_constrained": true,
        "transform": {
          "rotation_matrix": [
            [
              0.86602540378441384,
              -0.5000000000000423,
              -1.3007210543295209E-15
            ],
            [
              -0.50000000000004208,
              -0.86602540378441351,
              -8.047064831249E-16
            ],
            [
              -8.3270862843244E-16,
              4.807645507820495E-16,
              -0.99999999999999889
            ]
          ],
          "translation_cm": [
            15.024999999999926,
            -12.649999999999981,
            0.079999999999968874
          ]
        }
      },
      {
        "node_id": "0298100025-M1-00:14",
        "file_name": "E:\\Phase 1\\New-Assemblies\\PRANA - Assembly Automation\\Assembly 7\\0298100025-M1-00.ipt",
        "component_type": "kPartDocumentObject",
        "grounded": false,
        "suppressed": false,
        "visible": true,
        "adaptive": false,
        "flexible": false,
        "dof_translation": 0,
        "dof_rotation": 0,
        "fully_constrained": true,
        "transform": {
          "rotation_matrix": [
            [
              0.86602540378444437,
              0.49999999999999989,
              6.7289982256784113E-16
            ],
            [
              0.50000000000000022,
              -0.86602540378444426,
              -6.9610208941660416E-16
            ],
            [
              1.2609290212915618E-16,
              7.2799770987170219E-17,
              -0.99999999999999889
            ]
          ],
          "translation_cm": [
            -44.975000000000065,
            -12.649999999999983,
            0.079999999999993368
          ]
        }
      },
      {
        "node_id": "0298100025-M1-00:15",
        "file_name": "E:\\Phase 1\\New-Assemblies\\PRANA - Assembly Automation\\Assembly 7\\0298100025-M1-00.ipt",
        "component_type": "kPartDocumentObject",
        "grounded": false,
        "suppressed": false,
        "visible": true,
        "adaptive": false,
        "flexible": false,
        "dof_translation": 0,
        "dof_rotation": 0,
        "fully_constrained": true,
        "transform": {
          "rotation_matrix": [
            [
              -0.86602540378441739,
              0.500000000000036,
              -1.8811208138539203E-15
            ],
            [
              0.50000000000003608,
              0.86602540378441728,
              6.1106039890840558E-16
            ],
            [
              1.8389136552895816E-15,
              -1.0616972938980222E-15,
              -0.99999999999999867
            ]
          ],
          "translation_cm": [
            -14.974999999999977,
            45.099999999999859,
            0.080000000000031671
          ]
        }
      },
      {
        "node_id": "0298100025-M1-00:16",
        "file_name": "E:\\Phase 1\\New-Assemblies\\PRANA - Assembly Automation\\Assembly 7\\0298100025-M1-00.ipt",
        "component_type": "kPartDocumentObject",
        "grounded": false,
        "suppressed": false,
        "visible": true,
        "adaptive": false,
        "flexible": false,
        "dof_translation": 0,
        "dof_rotation": 0,
        "fully_constrained": true,
        "transform": {
          "rotation_matrix": [
            [
              -0.866025403784417,
              0.500000000000036,
              -1.8747031586743241E-15
            ],
            [
              0.500000000000036,
              0.86602540378441606,
              1.0305212525351905E-15
            ],
            [
              1.823031219323404E-15,
              -1.0525275652175625E-15,
              -0.99999999999999856
            ]
          ],
          "translation_cm": [
            -14.975000000000488,
            -12.649999999999279,
            0.080000000000031449
          ]
        }
      },
      {
        "node_id": "1615223001-M2:5",
        "file_name": "E:\\Phase 1\\New-Assemblies\\PRANA - Assembly Automation\\Assembly 7\\1615223001-M2.ipt",
        "component_type": "kPartDocumentObject",
        "grounded": false,
        "suppressed": false,
        "visible": true,
        "adaptive": false,
        "flexible": false,
        "dof_translation": 0,
        "dof_rotation": 1,
        "fully_constrained": false,
        "transform": {
          "rotation_matrix": [
            [
              1.0,
              3.5480055795875152E-30,
              7.20778035565376E-44
            ],
            [
              -3.5480055795875152E-30,
              1.0,
              -1.7151244994429778E-15
            ],
            [
              7.20778035565376E-44,
              1.7151244994429778E-15,
              1.0
            ]
          ],
          "translation_cm": [
            -30.249999999999993,
            46.300000000000018,
            0.12500000000014019
          ]
        }
      },
      {
        "node_id": "1615223001-M2:6",
        "file_name": "E:\\Phase 1\\New-Assemblies\\PRANA - Assembly Automation\\Assembly 7\\1615223001-M2.ipt",
        "component_type": "kPartDocumentObject",
        "grounded": false,
        "suppressed": false,
        "visible": true,
        "adaptive": false,
        "flexible": false,
        "dof_translation": 0,
        "dof_rotation": 1,
        "fully_constrained": false,
        "transform": {
          "rotation_matrix": [
            [
              1.0,
              3.5480055795875152E-30,
              7.20778035565376E-44
            ],
            [
              -3.5480055795875152E-30,
              1.0,
              -1.7151244994429778E-15
            ],
            [
              7.20778035565376E-44,
              1.7151244994429778E-15,
              1.0
            ]
          ],
          "translation_cm": [
            30.250000000000007,
            46.300000000000004,
            0.12500000000001804
          ]
        }
      },
      {
        "node_id": "0298100025-M1-00:17",
        "file_name": "E:\\Phase 1\\New-Assemblies\\PRANA - Assembly Automation\\Assembly 7\\0298100025-M1-00.ipt",
        "component_type": "kPartDocumentObject",
        "grounded": false,
        "suppressed": false,
        "visible": true,
        "adaptive": false,
        "flexible": false,
        "dof_translation": 0,
        "dof_rotation": 0,
        "fully_constrained": true,
        "transform": {
          "rotation_matrix": [
            [
              -0.8660254037844185,
              0.50000000000003453,
              -1.536199177631084E-15
            ],
            [
              0.50000000000003431,
              0.866025403784418,
              1.0597163947031854E-15
            ],
            [
              1.7898444004338864E-15,
              -1.0333671463981457E-15,
              -0.99999999999999867
            ]
          ],
          "translation_cm": [
            45.025000000000006,
            45.099999999999959,
            0.07999999999990684
          ]
        }
      },
      {
        "node_id": "0298100025-M1-00:18",
        "file_name": "E:\\Phase 1\\New-Assemblies\\PRANA - Assembly Automation\\Assembly 7\\0298100025-M1-00.ipt",
        "component_type": "kPartDocumentObject",
        "grounded": false,
        "suppressed": false,
        "visible": true,
        "adaptive": false,
        "flexible": false,
        "dof_translation": 0,
        "dof_rotation": 0,
        "fully_constrained": true,
        "transform": {
          "rotation_matrix": [
            [
              -0.86602540378441772,
              0.50000000000003408,
              -1.4307669792845692E-15
            ],
            [
              0.50000000000003419,
              0.86602540378441717,
              5.5045888524598268E-16
            ],
            [
              1.7166023431904869E-15,
              -9.9108082493266261E-16,
              -0.99999999999999878
            ]
          ],
          "translation_cm": [
            45.025000000000048,
            -12.649999999999954,
            0.079999999999910656
          ]
        }
      },
      {
        "node_id": "1635882402-M1:1",
        "file_name": "E:\\Phase 1\\New-Assemblies\\PRANA - Assembly Automation\\Assembly 7\\1635882402-M1.ipt",
        "component_type": "kPartDocumentObject",
        "grounded": false,
        "suppressed": false,
        "visible": true,
        "adaptive": false,
        "flexible": false,
        "dof_translation": 0,
        "dof_rotation": 0,
        "fully_constrained": true,
        "transform": {
          "rotation_matrix": [
            [
              -1.5265566588595173E-16,
              2.0623065723900545E-15,
              -0.99999999999997735
            ],
            [
              -0.99999999999998568,
              -1.0057175451181843E-15,
              4.6490589156178028E-15
            ],
            [
              -1.2246063538223336E-16,
              0.99999999999997469,
              2.006942129207847E-15
            ]
          ],
          "translation_cm": [
            1.5073008687622154E-12,
            -11.52499999999865,
            0.12500000000000205
          ]
        }
      },
      {
        "node_id": "1635882403-M1:1",
        "file_name": "E:\\Phase 1\\New-Assemblies\\PRANA - Assembly Automation\\Assembly 7\\1635882403-M1.ipt",
        "component_type": "kPartDocumentObject",
        "grounded": false,
        "suppressed": false,
        "visible": true,
        "adaptive": false,
        "flexible": false,
        "dof_translation": 0,
        "dof_rotation": 0,
        "fully_constrained": true,
        "transform": {
          "rotation_matrix": [
            [
              0.999999999999986,
              3.0278918153718746E-15,
              -7.7593876742989784E-16
            ],
            [
              3.9425090872270115E-15,
              -9.7650450045103048E-17,
              -0.99999999999997691
            ],
            [
              -2.1682229136098482E-15,
              0.99999999999997469,
              2.842320988993821E-30
            ]
          ],
          "translation_cm": [
            1.7499999999999629,
            19.975000000000666,
            0.1249999999999985
          ]
        }
      },
      {
        "node_id": "0298100025-M1-00:19",
        "file_name": "E:\\Phase 1\\New-Assemblies\\PRANA - Assembly Automation\\Assembly 7\\0298100025-M1-00.ipt",
        "component_type": "kPartDocumentObject",
        "grounded": false,
        "suppressed": false,
        "visible": true,
        "adaptive": false,
        "flexible": false,
        "dof_translation": 0,
        "dof_rotation": 0,
        "fully_constrained": true,
        "transform": {
          "rotation_matrix": [
            [
              -0.8660254037844658,
              -0.49999999999996941,
              -2.7404049611326753E-15
            ],
            [
              -0.4999999999999698,
              0.86602540378446558,
              8.5236243554013461E-16
            ],
            [
              1.6544454422016985E-15,
              9.55194521414609E-16,
              -0.99999999999999911
            ]
          ],
          "translation_cm": [
            -52.250000000000014,
            -37.675000000000004,
            0.080000000000099769
          ]
        }
      },
      {
        "node_id": "0298100025-M1-00:21",
        "file_name": "E:\\Phase 1\\New-Assemblies\\PRANA - Assembly Automation\\Assembly 7\\0298100025-M1-00.ipt",
        "component_type": "kPartDocumentObject",
        "grounded": false,
        "suppressed": false,
        "visible": true,
        "adaptive": false,
        "flexible": false,
        "dof_translation": 0,
        "dof_rotation": 0,
        "fully_constrained": true,
        "transform": {
          "rotation_matrix": [
            [
              -0.8660254037844658,
              -0.49999999999996914,
              -2.7404049611326745E-15
            ],
            [
              -0.49999999999996952,
              0.86602540378446558,
              8.5236243554013411E-16
            ],
            [
              1.6544454422016987E-15,
              9.5519452141460867E-16,
              -0.99999999999999911
            ]
          ],
          "translation_cm": [
            49.5,
            -37.67499999999999,
            0.079999999999889257
          ]
        }
      },
      {
        "node_id": "0298100025-M1-00:20",
        "file_name": "E:\\Phase 1\\New-Assemblies\\PRANA - Assembly Automation\\Assembly 7\\0298100025-M1-00.ipt",
        "component_type": "kPartDocumentObject",
        "grounded": false,
        "suppressed": false,
        "visible": true,
        "adaptive": false,
        "flexible": false,
        "dof_translation": 0,
        "dof_rotation": 0,
        "fully_constrained": true,
        "transform": {
          "rotation_matrix": [
            [
              0.86602540378446391,
              0.49999999999996825,
              -2.8034662457015873E-15
            ],
            [
              0.49999999999996986,
              -0.86602540378446413,
              -4.6534357943167338E-16
            ],
            [
              -2.0894008424284107E-15,
              -1.2063161388209596E-15,
              -1.0
            ]
          ],
          "translation_cm": [
            -31.374999999999929,
            -44.449999999999989,
            0.0800000000000757
          ]
        }
      },
      {
        "node_id": "0298100025-M1-00:24",
        "file_name": "E:\\Phase 1\\New-Assemblies\\PRANA - Assembly Automation\\Assembly 7\\0298100025-M1-00.ipt",
        "component_type": "kPartDocumentObject",
        "grounded": false,
        "suppressed": false,
        "visible": true,
        "adaptive": false,
        "flexible": false,
        "dof_translation": 0,
        "dof_rotation": 0,
        "fully_constrained": true,
        "transform": {
          "rotation_matrix": [
            [
              0.86602540378446391,
              0.49999999999996775,
              -2.8034662457015873E-15
            ],
            [
              0.49999999999996936,
              -0.86602540378446413,
              -4.6534357943167338E-16
            ],
            [
              -2.0894008424284111E-15,
              -1.2063161388209586E-15,
              -1.0
            ]
          ],
          "translation_cm": [
            -31.374999999999932,
            -30.899999999999984,
            0.0800000000000757
          ]
        }
      },
      {
        "node_id": "0298100025-M1-00:25",
        "file_name": "E:\\Phase 1\\New-Assemblies\\PRANA - Assembly Automation\\Assembly 7\\0298100025-M1-00.ipt",
        "component_type": "kPartDocumentObject",
        "grounded": false,
        "suppressed": false,
        "visible": true,
        "adaptive": false,
        "flexible": false,
        "dof_translation": 0,
        "dof_rotation": 0,
        "fully_constrained": true,
        "transform": {
          "rotation_matrix": [
            [
              0.86602540378446391,
              0.49999999999996775,
              -2.8034662457015873E-15
            ],
            [
              0.49999999999996936,
              -0.86602540378446413,
              -4.6534357943167338E-16
            ],
            [
              -2.0894008424284111E-15,
              -1.2063161388209586E-15,
              -1.0
            ]
          ],
          "translation_cm": [
            -1.3749999999999218,
            -44.45,
            0.080000000000013644
          ]
        }
      },
      {
        "node_id": "0298100025-M1-00:26",
        "file_name": "E:\\Phase 1\\New-Assemblies\\PRANA - Assembly Automation\\Assembly 7\\0298100025-M1-00.ipt",
        "component_type": "kPartDocumentObject",
        "grounded": false,
        "suppressed": false,
        "visible": true,
        "adaptive": false,
        "flexible": false,
        "dof_translation": 0,
        "dof_rotation": 0,
        "fully_constrained": true,
        "transform": {
          "rotation_matrix": [
            [
              0.86602540378446391,
              0.49999999999996775,
              -2.8034662457015873E-15
            ],
            [
              0.49999999999996936,
              -0.86602540378446413,
              -4.6534357943167338E-16
            ],
            [
              -2.0894008424284111E-15,
              -1.2063161388209586E-15,
              -1.0
            ]
          ],
          "translation_cm": [
            -1.3749999999999218,
            -30.899999999999991,
            0.080000000000013644
          ]
        }
      },
      {
        "node_id": "0298100025-M1-00:27",
        "file_name": "E:\\Phase 1\\New-Assemblies\\PRANA - Assembly Automation\\Assembly 7\\0298100025-M1-00.ipt",
        "component_type": "kPartDocumentObject",
        "grounded": false,
        "suppressed": false,
        "visible": true,
        "adaptive": false,
        "flexible": false,
        "dof_translation": 0,
        "dof_rotation": 0,
        "fully_constrained": true,
        "transform": {
          "rotation_matrix": [
            [
              0.86602540378446391,
              0.49999999999996775,
              -2.8034662457015873E-15
            ],
            [
              0.49999999999996936,
              -0.86602540378446413,
              -4.6534357943167338E-16
            ],
            [
              -2.0894008424284111E-15,
              -1.2063161388209586E-15,
              -1.0
            ]
          ],
          "translation_cm": [
            28.625000000000092,
            -44.45000000000001,
            0.079999999999951568
          ]
        }
      },
      {
        "node_id": "0298100025-M1-00:28",
        "file_name": "E:\\Phase 1\\New-Assemblies\\PRANA - Assembly Automation\\Assembly 7\\0298100025-M1-00.ipt",
        "component_type": "kPartDocumentObject",
        "grounded": false,
        "suppressed": false,
        "visible": true,
        "adaptive": false,
        "flexible": false,
        "dof_translation": 0,
        "dof_rotation": 0,
        "fully_constrained": true,
        "transform": {
          "rotation_matrix": [
            [
              0.86602540378446391,
              0.49999999999996775,
              -2.8034662457015873E-15
            ],
            [
              0.49999999999996936,
              -0.86602540378446413,
              -4.6534357943167338E-16
            ],
            [
              -2.0894008424284111E-15,
              -1.2063161388209586E-15,
              -1.0
            ]
          ],
          "translation_cm": [
            28.625000000000092,
            -30.899999999999988,
            0.079999999999951568
          ]
        }
      },
      {
        "node_id": "0298100025-M1-00:29",
        "file_name": "E:\\Phase 1\\New-Assemblies\\PRANA - Assembly Automation\\Assembly 7\\0298100025-M1-00.ipt",
        "component_type": "kPartDocumentObject",
        "grounded": false,
        "suppressed": false,
        "visible": true,
        "adaptive": false,
        "flexible": false,
        "dof_translation": 0,
        "dof_rotation": 0,
        "fully_constrained": true,
        "transform": {
          "rotation_matrix": [
            [
              1.0,
              -5.1531289736845E-14,
              -3.3275852799183778E-34
            ],
            [
              5.1531289736845E-14,
              1.0,
              -1.2246063538223536E-16
            ],
            [
              6.3108872417627485E-30,
              1.2246063538223536E-16,
              1.0
            ]
          ],
          "translation_cm": [
            45.00000000000049,
            -9.5249999999983856,
            4.7949999999997939
          ]
        }
      },
      {
        "node_id": "0298100025-M1-00:30",
        "file_name": "E:\\Phase 1\\New-Assemblies\\PRANA - Assembly Automation\\Assembly 7\\0298100025-M1-00.ipt",
        "component_type": "kPartDocumentObject",
        "grounded": false,
        "suppressed": false,
        "visible": true,
        "adaptive": false,
        "flexible": false,
        "dof_translation": 0,
        "dof_rotation": 0,
        "fully_constrained": true,
        "transform": {
          "rotation_matrix": [
            [
              1.0,
              -5.1531289736845E-14,
              -3.3275852799187609E-34
            ],
            [
              5.1531289736845E-14,
              1.0,
              -1.2246063538223536E-16
            ],
            [
              6.3108872417627653E-30,
              1.2246063538223536E-16,
              1.0
            ]
          ],
          "translation_cm": [
            15.000000000001169,
            -9.5249999999985615,
            4.7949999999998534
          ]
        }
      },
      {
        "node_id": "0298100025-M1-00:31",
        "file_name": "E:\\Phase 1\\New-Assemblies\\PRANA - Assembly Automation\\Assembly 7\\0298100025-M1-00.ipt",
        "component_type": "kPartDocumentObject",
        "grounded": false,
        "suppressed": false,
        "visible": true,
        "adaptive": false,
        "flexible": false,
        "dof_translation": 0,
        "dof_rotation": 0,
        "fully_constrained": true,
        "transform": {
          "rotation_matrix": [
            [
              1.0,
              -5.1531289736845E-14,
              -3.3275852799187609E-34
            ],
            [
              5.1531289736845E-14,
              1.0,
              -1.2246063538223536E-16
            ],
            [
              6.3108872417627653E-30,
              1.2246063538223536E-16,
              1.0
            ]
          ],
          "translation_cm": [
            -14.999999999998156,
            -9.5249999999987676,
            4.7949999999999138
          ]
        }
      },
      {
        "node_id": "0298100025-M1-00:32",
        "file_name": "E:\\Phase 1\\New-Assemblies\\PRANA - Assembly Automation\\Assembly 7\\0298100025-M1-00.ipt",
        "component_type": "kPartDocumentObject",
        "grounded": false,
        "suppressed": false,
        "visible": true,
        "adaptive": false,
        "flexible": false,
        "dof_translation": 0,
        "dof_rotation": 0,
        "fully_constrained": true,
        "transform": {
          "rotation_matrix": [
            [
              1.0,
              -5.1531289736845E-14,
              -3.3275852799183778E-34
            ],
            [
              5.1531289736845E-14,
              1.0,
              -1.2246063538223536E-16
            ],
            [
              6.3108872417627485E-30,
              1.2246063538223536E-16,
              1.0
            ]
          ],
          "translation_cm": [
            -44.999999999997478,
            -9.5249999999989914,
            4.7949999999999742
          ]
        }
      }
    ],
    "constraint_edges": [
      {
        "constraint_name": "Insert:3",
        "constraint_type": "kInsertConstraint",
        "suppressed": false,
        "health_status": "kUpToDateHealth",
        "node_one_id": "1615223001-M2:1",
        "node_two_id": "1635882401-M1:1",
        "offset_cm": null,
        "angle_rad": null,
        "entity_one": {
          "entity_type": "67120288",
          "proxy_context_occurrence": "1615223001-M2:1",
          "owner_document": "E:\\Phase 1\\New-Assemblies\\PRANA - Assembly Automation\\Assembly 7\\1615223001-M2.ipt",
          "reference_key_string": "AQQBABAAAAAAAAAAAgAAAAQAAAAGAAAA",
          "context_key_string": "nsIrpNQR6AFgAC2z7in7sAQAAB5AAADIMgIotS/9IIFFAwBkBQABAADtN0PA0xEdDmAAALgylIewAAABAQAAsS28CdARH+wACNywOz6oCQIBAACyBAAAAFQAZQBzAHQANiSiSdJPUqj2nYuGnA0hNQD/////AAAAAAAABgBICM1Q4SAAYOo/XxjmxA==",
          "surface_type": null,
          "area_cm2": null,
          "face_normal_at_center": null,
          "face_point_at_center": null,
          "face_bbox_min": null,
          "face_bbox_max": null,
          "loops": [],
          "curve_type": "kCircleCurve",
          "length_cm": 3.9898226700590373,
          "edge_midpoint": [
            -0.635,
            0.0,
            4.75
          ],
          "edge_tangent_at_mid": [
            0.0,
            1.0,
            0.0
          ],
          "work_feature_name": null
        },
        "entity_two": {
          "entity_type": "67120288",
          "proxy_context_occurrence": "1635882401-M1:1",
          "owner_document": "E:\\Phase 1\\New-Assemblies\\PRANA - Assembly Automation\\Assembly 7\\1635882401-M1.ipt",
          "reference_key_string": "AQQBABAAAAAAAAAAAgAAAAQAAAAGAAAA",
          "context_key_string": "nsIrpNQR6AFgAC2z7in7sAQAAB5AAADIMgIotS/9IIFFAwBkBQABAADtN0PA0xEdDmAAALgylIewAAABAQAAsS28CdARH+wACNywOz6oCQIBAACyBAAAAFQAZQBzAHQArFdH4ZRLBurfyLuL6po7gQD/////AAAAAAAABgBICM1Q4SAAYOo/XxjmxA==",
          "surface_type": null,
          "area_cm2": null,
          "face_normal_at_center": null,
          "face_point_at_center": null,
          "face_bbox_min": null,
          "face_bbox_max": null,
          "loops": [],
          "curve_type": "kCircleCurve",
