{
  "assembly_metadata": {
    "assembly_name": "1830113097-M1.iam",
    "full_file_name": "E:\\Phase 1\\New-Assemblies\\PRANA - Assembly Automation\\Assembly 16\\Workspaces\\1830113088-M1\\1830113097-M1.iam",
    "internal_name": "{1FF2DE61-4737-CF35-578F-D6ADBBC46918}",
    "total_occurrences": 17,
    "total_constraints": 21
  },
  "physics": {
    "mass_kg": 0.85328883562912117,
    "center_of_mass": [
      -0.021775580881921455,
      -1.8998481033688457,
      7.1902281694843539
    ],
    "inertia_tensor": [
      406.77620643846109,
      254.42558743682562,
      573.31761049293755,
      -0.42974472811620196,
      1.4732106270186451,
      -0.0011304648317156136
    ]
  },
  "assembly_graph": {
    "nodes": [
      {
        "node_id": "1830113098-M1:1",
        "file_name": "E:\\Phase 1\\New-Assemblies\\PRANA - Assembly Automation\\Assembly 16\\Workspaces\\1830113088-M1\\1830113098-M1.ipt",
        "component_type": "kPartDocumentObject",
        "grounded": true,
        "suppressed": false,
        "visible": true,
        "adaptive": false,
        "flexible": false,
        "dof_translation": 0,
        "dof_rotation": 0,
        "fully_constrained": false,
        "transform": {
          "rotation_matrix": [
            [
              1.0,
              0.0,
              0.0
            ],
            [
              0.0,
              1.0,
              0.0
            ],
            [
              0.0,
              0.0,
              1.0
            ]
          ],
          "translation_cm": [
            0.0,
            0.0,
            0.0
          ]
        }
      },
      {
        "node_id": "0228100006-M1:1",
        "file_name": "E:\\Phase 1\\New-Assemblies\\PRANA - Assembly Automation\\Assembly 16\\Workspaces\\1830113088-M1\\0228100006-M1.ipt",
        "component_type": "kPartDocumentObject",
        "grounded": true,
        "suppressed": false,
        "visible": true,
        "adaptive": false,
        "flexible": false,
        "dof_translation": 0,
        "dof_rotation": 0,
        "fully_constrained": false,
        "transform": {
          "rotation_matrix": [
            [
              0.99182161412362035,
              -0.12763183676972731,
              9.9920072216264089E-16
            ],
            [
              0.12763183676972734,
              0.99182161412362135,
              -5.9961629558104151E-17
            ],
            [
              -4.1357533277964717E-17,
              5.32206382817734E-18,
              0.99999999999999956
            ]
          ],
          "translation_cm": [
            -14.999999999997387,
            27.499999999998838,
            0.12000000000000077
          ]
        }
      },
      {
        "node_id": "0228100006-M1:2",
        "file_name": "E:\\Phase 1\\New-Assemblies\\PRANA - Assembly Automation\\Assembly 16\\Workspaces\\1830113088-M1\\0228100006-M1.ipt",
        "component_type": "kPartDocumentObject",
        "grounded": false,
        "suppressed": false,
        "visible": true,
        "adaptive": false,
        "flexible": false,
        "dof_translation": 0,
        "dof_rotation": 0,
        "fully_constrained": true,
        "transform": {
          "rotation_matrix": [
            [
              0.99182161412362035,
              -0.12763183676972731,
              9.9920072216264089E-16
            ],
            [
              0.12763183676972734,
              0.99182161412362135,
              -5.9961629558104151E-17
            ],
            [
              -4.1357533277964717E-17,
              5.32206382817734E-18,
              0.99999999999999956
            ]
          ],
          "translation_cm": [
            -14.999999999997389,
            -27.500000000001169,
            0.12000000000000077
          ]
        }
      },
      {
        "node_id": "0228100006-M1:3",
        "file_name": "E:\\Phase 1\\New-Assemblies\\PRANA - Assembly Automation\\Assembly 16\\Workspaces\\1830113088-M1\\0228100006-M1.ipt",
        "component_type": "kPartDocumentObject",
        "grounded": false,
        "suppressed": false,
        "visible": true,
        "adaptive": false,
        "flexible": false,
        "dof_translation": 0,
        "dof_rotation": 0,
        "fully_constrained": true,
        "transform": {
          "rotation_matrix": [
            [
              0.99182161412362035,
              -0.12763183676972731,
              9.9920072216264089E-16
            ],
            [
              0.12763183676972734,
              0.99182161412362135,
              -5.9961629558104151E-17
            ],
            [
              -4.1357533277964717E-17,
              5.32206382817734E-18,
              0.99999999999999956
            ]
          ],
          "translation_cm": [
            15.000000000002613,
            27.499999999998842,
            0.12000000000000077
          ]
        }
      },
      {
        "node_id": "0228100006-M1:4",
        "file_name": "E:\\Phase 1\\New-Assemblies\\PRANA - Assembly Automation\\Assembly 16\\Workspaces\\1830113088-M1\\0228100006-M1.ipt",
        "component_type": "kPartDocumentObject",
        "grounded": false,
        "suppressed": false,
        "visible": true,
        "adaptive": false,
        "flexible": false,
        "dof_translation": 0,
        "dof_rotation": 0,
        "fully_constrained": true,
        "transform": {
          "rotation_matrix": [
            [
              0.99182161412362035,
              -0.12763183676972731,
              9.9920072216264089E-16
            ],
            [
              0.12763183676972734,
              0.99182161412362135,
              -5.9961629558104151E-17
            ],
            [
              -4.1357533277964717E-17,
              5.32206382817734E-18,
              0.99999999999999956
            ]
          ],
          "translation_cm": [
            15.00000000000262,
            -27.500000000001162,
            0.12000000000000077
          ]
        }
      },
      {
        "node_id": "0228100006-M1:5",
        "file_name": "E:\\Phase 1\\New-Assemblies\\PRANA - Assembly Automation\\Assembly 16\\Workspaces\\1830113088-M1\\0228100006-M1.ipt",
        "component_type": "kPartDocumentObject",
        "grounded": true,
        "suppressed": false,
        "visible": true,
        "adaptive": false,
        "flexible": false,
        "dof_translation": 0,
        "dof_rotation": 0,
        "fully_constrained": false,
        "transform": {
          "rotation_matrix": [
            [
              -3.347349124070914E-17,
              3.6937099530568739E-18,
              1.0000000000000004
            ],
            [
              0.99396677702389435,
              -0.10968156715114585,
              -1.1102230246251565E-16
            ],
            [
              0.10968156715114602,
              0.99396677702389491,
              4.12954448050691E-16
            ]
          ],
          "translation_cm": [
            -19.880000000000031,
            22.499999999998757,
            14.520000000001478
          ]
        }
      },
      {
        "node_id": "0228100006-M1:6",
        "file_name": "E:\\Phase 1\\New-Assemblies\\PRANA - Assembly Automation\\Assembly 16\\Workspaces\\1830113088-M1\\0228100006-M1.ipt",
        "component_type": "kPartDocumentObject",
        "grounded": true,
        "suppressed": false,
        "visible": true,
        "adaptive": false,
        "flexible": false,
        "dof_translation": 0,
        "dof_rotation": 0,
        "fully_constrained": false,
        "transform": {
          "rotation_matrix": [
            [
              5.4622515214627584E-17,
              7.8184761557226725E-17,
              -1.0000000000000002
            ],
            [
              0.572710443611936,
              0.81975773724791268,
              1.9498291869979312E-15
            ],
            [
              0.81975773724791345,
              -0.5727104436119369,
              -5.2509514579489261E-16
            ]
          ],
          "translation_cm": [
            19.880000000000035,
            -22.499999999999794,
            14.520000000001207
          ]
        }
      },
      {
        "node_id": "0298100025-M1-00:1",
        "file_name": "E:\\Phase 1\\New-Assemblies\\PRANA - Assembly Automation\\Assembly 16\\Workspaces\\1830113088-M1\\0298100025-M1-00.ipt",
        "component_type": "kPartDocumentObject",
        "grounded": false,
        "suppressed": false,
        "visible": true,
        "adaptive": false,
        "flexible": false,
        "dof_translation": 0,
        "dof_rotation": 0,
        "fully_constrained": true,
        "transform": {
          "rotation_matrix": [
            [
              8.2824724483261326E-34,
              4.2406258935429838E-33,
              1.0
            ],
            [
              0.0,
              -1.0,
              4.2406258935429838E-33
            ],
            [
              1.0,
              -3.512286712692815E-66,
              -8.2824724483261326E-34
            ]
          ],
          "translation_cm": [
            19.920000000000041,
            19.999999999997847,
            14.75
          ]
        }
      },
      {
        "node_id": "0298100025-M1-00:2",
        "file_name": "E:\\Phase 1\\New-Assemblies\\PRANA - Assembly Automation\\Assembly 16\\Workspaces\\1830113088-M1\\0298100025-M1-00.ipt",
        "component_type": "kPartDocumentObject",
        "grounded": false,
        "suppressed": false,
        "visible": true,
        "adaptive": false,
        "flexible": false,
        "dof_translation": 0,
        "dof_rotation": 0,
        "fully_constrained": true,
        "transform": {
          "rotation_matrix": [
            [
              -6.1629758220391547E-33,
              -5.5511151231257827E-17,
              -1.0
            ],
            [
              -5.5511151231257827E-17,
              -0.99999999999999978,
              -1.2491908731988806E-81
            ],
            [
              -0.99999999999999978,
              -1.5407439555097885E-33,
              -5.5511151231257827E-17
            ]
          ],
          "translation_cm": [
            -19.92000000000003,
            19.999999999997847,
            14.75
          ]
        }
      },
      {
        "node_id": "0298100025-M1-00:4",
        "file_name": "E:\\Phase 1\\New-Assemblies\\PRANA - Assembly Automation\\Assembly 16\\Workspaces\\1830113088-M1\\0298100025-M1-00.ipt",
        "component_type": "kPartDocumentObject",
        "grounded": false,
        "suppressed": false,
        "visible": true,
        "adaptive": false,
        "flexible": false,
        "dof_translation": 0,
        "dof_rotation": 0,
        "fully_constrained": true,
        "transform": {
          "rotation_matrix": [
            [
              -1.7525873332233421E-32,
              6.1629758220391547E-33,
              1.0
            ],
            [
              5.2444436901369825E-16,
              0.99999999999999845,
              5.55111512312574E-17
            ],
            [
              -0.99999999999999845,
              3.5791091531992586E-16,
              -5.5511151231257377E-17
            ]
          ],
          "translation_cm": [
            19.920000000000041,
            -25.000000000002153,
            14.749999999999998
          ]
        }
      },
      {
        "node_id": "0298100025-M1-00:3",
        "file_name": "E:\\Phase 1\\New-Assemblies\\PRANA - Assembly Automation\\Assembly 16\\Workspaces\\1830113088-M1\\0298100025-M1-00.ipt",
        "component_type": "kPartDocumentObject",
        "grounded": false,
        "suppressed": false,
        "visible": true,
        "adaptive": false,
        "flexible": false,
        "dof_translation": 0,
        "dof_rotation": 0,
        "fully_constrained": true,
        "transform": {
          "rotation_matrix": [
            [
              2.258337522827539E-32,
              7.7037197775488941E-33,
              -1.0
            ],
            [
              3.496295793424657E-16,
              0.99999999999999878,
              5.5511151231257673E-17
            ],
            [
              0.99999999999999889,
              -2.3860727687995069E-16,
              5.5511151231257174E-17
            ]
          ],
          "translation_cm": [
            -19.920000000000037,
            -25.000000000002153,
            14.750000000000002
          ]
        }
      },
      {
        "node_id": "0298100025-M1-00:5",
        "file_name": "E:\\Phase 1\\New-Assemblies\\PRANA - Assembly Automation\\Assembly 16\\Workspaces\\1830113088-M1\\0298100025-M1-00.ipt",
        "component_type": "kPartDocumentObject",
        "grounded": false,
        "suppressed": false,
        "visible": true,
        "adaptive": false,
        "flexible": false,
        "dof_translation": 0,
        "dof_rotation": 0,
        "fully_constrained": true,
        "transform": {
          "rotation_matrix": [
            [
              -1.7525873332233421E-32,
              6.1629758220391547E-33,
              1.0
            ],
            [
              5.2444436901369638E-16,
              0.99999999999999845,
              5.55111512312574E-17
            ],
            [
              -0.99999999999999845,
              3.57910915319924E-16,
              -5.5511151231257377E-17
            ]
          ],
          "translation_cm": [
            19.920000000000041,
            -2.1529444893531036E-12,
            14.749999999999998
          ]
        }
      },
      {
        "node_id": "0298100025-M1-00:6",
        "file_name": "E:\\Phase 1\\New-Assemblies\\PRANA - Assembly Automation\\Assembly 16\\Workspaces\\1830113088-M1\\0298100025-M1-00.ipt",
        "component_type": "kPartDocumentObject",
        "grounded": false,
        "suppressed": false,
        "visible": true,
        "adaptive": false,
        "flexible": false,
        "dof_translation": 0,
        "dof_rotation": 0,
        "fully_constrained": true,
        "transform": {
          "rotation_matrix": [
            [
              2.258337522827539E-32,
              7.7037197775488941E-33,
              -1.0
            ],
            [
              3.496295793424657E-16,
              0.99999999999999878,
              5.5511151231257673E-17
            ],
            [
              0.99999999999999889,
              -2.3860727687995069E-16,
              5.5511151231257174E-17
            ]
          ],
          "translation_cm": [
            -19.91999999999997,
            -2.1564972030319041E-12,
            14.749999999999968
          ]
        }
      },
      {
        "node_id": "0298100025-M1-00:7",
        "file_name": "E:\\Phase 1\\New-Assemblies\\PRANA - Assembly Automation\\Assembly 16\\Workspaces\\1830113088-M1\\0298100025-M1-00.ipt",
        "component_type": "kPartDocumentObject",
        "grounded": false,
        "suppressed": false,
        "visible": true,
        "adaptive": false,
        "flexible": false,
        "dof_translation": 3,
        "dof_rotation": 3,
        "fully_constrained": false,
        "transform": {
          "rotation_matrix": [
            [
              0.49999999999999911,
              -0.86602540378443771,
              -2.0318491543960293E-17
            ],
            [
              9.1145020012426019E-33,
              -1.5407439555097731E-33,
              -1.0
            ],
            [
              0.86602540378443782,
              0.49999999999999922,
              7.5829642775217639E-17
            ]
          ],
          "translation_cm": [
            -18.800000000000011,
            -29.919999999999963,
            6.7000000000000064
          ]
        }
      },
      {
        "node_id": "0298100025-M1-00:8",
        "file_name": "E:\\Phase 1\\New-Assemblies\\PRANA - Assembly Automation\\Assembly 16\\Workspaces\\1830113088-M1\\0298100025-M1-00.ipt",
        "component_type": "kPartDocumentObject",
        "grounded": false,
        "suppressed": false,
        "visible": true,
        "adaptive": false,
        "flexible": false,
        "dof_translation": 0,
        "dof_rotation": 0,
        "fully_constrained": true,
        "transform": {
          "rotation_matrix": [
            [
              0.49999999999999911,
              -0.86602540378443771,
              -2.0318491543960293E-17
            ],
            [
              9.1145020012426019E-33,
              -1.5407439555097731E-33,
              -1.0
            ],
            [
              0.86602540378443782,
              0.49999999999999922,
              7.5829642775217639E-17
            ]
          ],
          "translation_cm": [
            18.799999999999994,
            -29.919999999999963,
            6.7000000000000082
          ]
        }
      },
      {
        "node_id": "0298100025-M1-00:9",
        "file_name": "E:\\Phase 1\\New-Assemblies\\PRANA - Assembly Automation\\Assembly 16\\Workspaces\\1830113088-M1\\0298100025-M1-00.ipt",
        "component_type": "kPartDocumentObject",
        "grounded": false,
        "suppressed": false,
        "visible": true,
        "adaptive": false,
        "flexible": false,
        "dof_translation": 0,
        "dof_rotation": 0,
        "fully_constrained": true,
        "transform": {
          "rotation_matrix": [
            [
              0.49999999999999911,
              -0.86602540378443771,
              -2.0318491543960293E-17
            ],
            [
              9.1145020012426019E-33,
              -1.5407439555097731E-33,
              -1.0
            ],
            [
              0.86602540378443782,
              0.49999999999999922,
              7.5829642775217639E-17
            ]
          ],
          "translation_cm": [
            -18.800000000000011,
            -29.919999999999963,
            3.2000000000000055
          ]
        }
      },
      {
        "node_id": "0298100025-M1-00:10",
        "file_name": "E:\\Phase 1\\New-Assemblies\\PRANA - Assembly Automation\\Assembly 16\\Workspaces\\1830113088-M1\\0298100025-M1-00.ipt",
        "component_type": "kPartDocumentObject",
        "grounded": false,
        "suppressed": false,
        "visible": true,
        "adaptive": false,
        "flexible": false,
        "dof_translation": 0,
        "dof_rotation": 0,
        "fully_constrained": true,
        "transform": {
          "rotation_matrix": [
            [
              0.49999999999999911,
              -0.86602540378443771,
              -2.0318491543960293E-17
            ],
            [
              9.1145020012426019E-33,
              -1.5407439555097731E-33,
              -1.0
            ],
            [
              0.86602540378443782,
              0.49999999999999922,
              7.5829642775217639E-17
            ]
          ],
          "translation_cm": [
            18.799999999999986,
            -29.919999999999963,
            3.20000000000001
          ]
        }
      }
    ],
    "constraint_edges": [
      {
        "constraint_name": "Mate:1",
        "constraint_type": "kMateConstraint",
        "suppressed": false,
        "health_status": "kUpToDateHealth",
        "node_one_id": "0228100006-M1:1",
        "node_two_id": "1830113098-M1:1",
        "offset_cm": 0.0,
        "angle_rad": null,
        "entity_one": {
          "entity_type": "67119520",
          "proxy_context_occurrence": "0228100006-M1:1",
          "owner_document": "E:\\Phase 1\\New-Assemblies\\PRANA - Assembly Automation\\Assembly 16\\Workspaces\\1830113088-M1\\0228100006-M1.ipt",
          "reference_key_string": "AQQCABgAAAAAAAAAAgAAAAEAAAADAAAABAAAAAYAAAA=",
          "context_key_string": "nsIrpNQR6AFgAC2z7in7sAQAAB5AAADIMgIotS/9IIFFAwBkBQABAADtN0PA0xEdDmAAALgylIewAAABAQAAsS28CdARH+wACNywOz6oCQIBAACyBAAAAFQAZQBzAHQAiHBFz0JORC7kICGPcfLqlAD/////AAAAAAAABgBICM1Q4SAAYOo/XxjmxA==",
          "surface_type": "kPlaneSurface",
          "area_cm2": 0.63617251235193317,
          "face_normal_at_center": [
            0.0,
            0.0,
            -1.0
          ],
          "face_point_at_center": [
            0.0,
            0.0,
            0.0
          ],
          "face_bbox_min": [
            -0.45,
            -0.45,
            0.0
          ],
          "face_bbox_max": [
            0.45,
            0.45,
            0.0
          ],
          "loops": [
            {
              "is_outer": true,
              "edge_reference_keys": [
                "AQQBABAAAAAAAAAAAgAAAAQAAAAGAAAA"
              ]
            }
          ],
          "curve_type": null,
          "length_cm": null,
          "edge_midpoint": null,
          "edge_tangent_at_mid": null,
          "work_feature_name": null
        },
        "entity_two": {
          "entity_type": "67119520",
          "proxy_context_occurrence": "1830113098-M1:1",
          "owner_document": "E:\\Phase 1\\New-Assemblies\\PRANA - Assembly Automation\\Assembly 16\\Workspaces\\1830113088-M1\\1830113098-M1.ipt",
          "reference_key_string": "AQQJAFAAAAAAAAAAAgAAAAEAAAADAAAACwAAAAYAAAAQAAAABgAAABQAAAAGAAAAFQAAAAYAAAAYAAAABgAAABsAAAAGAAAAHgAAAAYAAAAhAAAABgAAAA==",
          "context_key_string": "nsIrpNQR6AFgAC2z7in7sAQAAB5AAADIMgIotS/9IIFFAwBkBQABAADtN0PA0xEdDmAAALgylIewAAABAQAAsS28CdARH+wACNywOz6oCQIBAACyBAAAAFQAZQBzAHQAfAGPQf5NIB01O12j2sGJmAD/////AAAAAAAABgBICM1Q4SAAYOo/XxjmxA==",
          "surface_type": "kPlaneSurface",
          "area_cm2": 2345.2184883328969,
          "face_normal_at_center": [
            0.0,
            0.0,
            1.0
          ],
          "face_point_at_center": [
            1.1368683772161603E-13,
            -3.4461322684364859E-13,
            0.12
          ],
          "face_bbox_min": [
            -19.799999999998903,
            -29.800021736648493,
            0.11997826335036531
          ],
          "face_bbox_max": [
            19.800021736648752,
            29.800021736648947,
            0.12002173664964046
          ],
          "loops": [
            {
              "is_outer": true,
              "edge_reference_keys": [
                "AQQBABAAAAAAAAAAAgAAAAsAAAAGAAAA",
                "AQQBABAAAAAAAAAAAgAAABAAAAAGAAAA",
                "AQQBABAAAAAAAAAAAgAAABQAAAAGAAAA",
                "AQQBABAAAAAAAAAAAgAAABUAAAAGAAAA"
              ]
            },
            {
              "is_outer": false,
              "edge_reference_keys": [
                "AQQBABAAAAAAAAAAAgAAABgAAAAGAAAA"
              ]
            },
            {
              "is_outer": false,
              "edge_reference_keys": [
                "AQQBABAAAAAAAAAAAgAAABsAAAAGAAAA"
              ]
            },
            {
              "is_outer": false,
              "edge_reference_keys": [
                "AQQBABAAAAAAAAAAAgAAAB4AAAAGAAAA"
              ]
            },
            {
              "is_outer": false,
              "edge_reference_keys": [
                "AQQBABAAAAAAAAAAAgAAACEAAAAGAAAA"
              ]
            }
          ],
          "curve_type": null,
          "length_cm": null,
          "edge_midpoint": null,
          "edge_tangent_at_mid": null,
          "work_feature_name": null
        }
      },
      {
        "constraint_name": "Mate:2",
        "constraint_type": "kMateConstraint",
        "suppressed": false,
        "health_status": "kUpToDateHealth",
        "node_one_id": "0228100006-M1:5",
        "node_two_id": "1830113098-M1:1",
        "offset_cm": 0.0,
        "angle_rad": null,
        "entity_one": {
          "entity_type": "67119520",
          "proxy_context_occurrence": "0228100006-M1:5",
          "owner_document": "E:\\Phase 1\\New-Assemblies\\PRANA - Assembly Automation\\Assembly 16\\Workspaces\\1830113088-M1\\0228100006-M1.ipt",
          "reference_key_string": "AQQCABgAAAAAAAAAAgAAAAEAAAADAAAABAAAAAYAAAA=",
          "context_key_string": "nsIrpNQR6AFgAC2z7in7sAQAAB5AAADIMgIotS/9IIFFAwBkBQABAADtN0PA0xEdDmAAALgylIewAAABAQAAsS28CdARH+wACNywOz6oCQIBAACyBAAAAFQAZQBzAHQAiHBFz0JORC7kICGPcfLqlAD/////AAAAAAAABgBICM1Q4SAAYOo/XxjmxA==",
          "surface_type": "kPlaneSurface",
          "area_cm2": 0.63617251235193317,
          "face_normal_at_center": [
            0.0,
            0.0,
            -1.0
          ],
          "face_point_at_center": [
            0.0,
            0.0,
            0.0
          ],
          "face_bbox_min": [
            -0.45,
            -0.45,
            0.0
          ],
          "face_bbox_max": [
            0.45,
            0.45,
            0.0
          ],
          "loops": [
            {
              "is_outer": true,
              "edge_reference_keys": [
                "AQQBABAAAAAAAAAAAgAAAAQAAAAGAAAA"
              ]
            }
          ],
          "curve_type": null,
          "length_cm": null,
          "edge_midpoint": null,
          "edge_tangent_at_mid": null,
          "work_feature_name": null
        },
        "entity_two": {
          "entity_type": "67119520",
          "proxy_context_occurrence": "1830113098-M1:1",
          "owner_document": "E:\\Phase 1\\New-Assemblies\\PRANA - Assembly Automation\\Assembly 16\\Workspaces\\1830113088-M1\\1830113098-M1.ipt",
          "reference_key_string": "AQQKAFgAAAAAAAAAAgAAACIAAAADAAAAJQAAAAYAAAAoAAAABgAAACsAAAAGAAAAMgAAAAYAAAA0AAAABgAAADcAAAAGAAAAOgAAAAYAAAA9AAAABgAAAD4AAAAGAAAA",
          "context_key_string": "nsIrpNQR6AFgAC2z7in7sAQAAB5AAADIMgIotS/9IIFFAwBkBQABAADtN0PA0xEdDmAAALgylIewAAABAQAAsS28CdARH+wACNywOz6oCQIBAACyBAAAAFQAZQBzAHQAfAGPQf5NIB01O12j2sGJmAD/////AAAAAAAABgBICM1Q4SAAYOo/XxjmxA==",
          "surface_type": "kPlaneSurface",
          "area_cm2": 1076.7334242259976,
          "face_normal_at_center": [
            1.0,
            0.0,
            0.0
          ],
          "face_point_at_center": [
            -19.880000000000031,
            -3.2400748750660568E-12,
            9.2250000000000139
          ],
          "face_bbox_min": [
            -19.880000000000031,
            -29.879292893227358,
            0.20000000000000329
          ],
          "face_bbox_max": [
            -19.879999999997665,
            29.879292893220821,
            18.250000000000025
          ],
          "loops": [
            {
              "is_outer": false,
              "edge_reference_keys": [
                "AQQBABAAAAAAAAAAAgAAACUAAAAGAAAA"
              ]
            },
            {
              "is_outer": false,
              "edge_reference_keys": [
                "AQQBABAAAAAAAAAAAgAAACgAAAAGAAAA"
              ]
            },
            {
              "is_outer": false,
              "edge_reference_keys": [
                "AQQBABAAAAAAAAAAAgAAACsAAAAGAAAA"
              ]
            },
            {
              "is_outer": true,
              "edge_reference_keys": [
                "AQQBABAAAAAAAAAAAgAAADIAAAAGAAAA",
                "AQQBABAAAAAAAAAAAgAAADQAAAAGAAAA",
                "AQQBABAAAAAAAAAAAgAAADcAAAAGAAAA",
                "AQQBABAAAAAAAAAAAgAAADoAAAAGAAAA",
                "AQQBABAAAAAAAAAAAgAAAD0AAAAGAAAA",
                "AQQBABAAAAAAAAAAAgAAAD4AAAAGAAAA"
              ]
            }
          ],
          "curve_type": null,
          "length_cm": null,
          "edge_midpoint": null,
          "edge_tangent_at_mid": null,
          "work_feature_name": null
        }
      },
      {
        "constraint_name": "Mate:3",
        "constraint_type": "kMateConstraint",
        "suppressed": false,
        "health_status": "kUpToDateHealth",
        "node_one_id": "0228100006-M1:6",
        "node_two_id": "1830113098-M1:1",
        "offset_cm": 0.0,
        "angle_rad": null,
        "entity_one": {
          "entity_type": "67119520",
          "proxy_context_occurrence": "0228100006-M1:6",
          "owner_document": "E:\\Phase 1\\New-Assemblies\\PRANA - Assembly Automation\\Assembly 16\\Workspaces\\1830113088-M1\\0228100006-M1.ipt",
          "reference_key_string": "AQQCABgAAAAAAAAAAgAAAAEAAAADAAAABAAAAAYAAAA=",
          "context_key_string": "nsIrpNQR6AFgAC2z7in7sAQAAB5AAADIMgIotS/9IIFFAwBkBQABAADtN0PA0xEdDmAAALgylIewAAABAQAAsS28CdARH+wACNywOz6oCQIBAACyBAAAAFQAZQBzAHQAiHBFz0JORC7kICGPcfLqlAD/////AAAAAAAABgBICM1Q4SAAYOo/XxjmxA==",
          "surface_type": "kPlaneSurface",
          "area_cm2": 0.63617251235193317,
          "face_normal_at_center": [
            0.0,
            0.0,
            -1.0
          ],
          "face_point_at_center": [
            0.0,
            0.0,
            0.0
          ],
          "face_bbox_min": [
            -0.45,
            -0.45,
            0.0
          ],
          "face_bbox_max": [
            0.45,
            0.45,
            0.0
          ],
          "loops": [
            {
              "is_outer": true,
              "edge_reference_keys": [
                "AQQBABAAAAAAAAAAAgAAAAQAAAAGAAAA"
              ]
            }
          ],
          "curve_type": null,
          "length_cm": null,
          "edge_midpoint": null,
          "edge_tangent_at_mid": null,
          "work_feature_name": null
        },
        "entity_two": {
          "entity_type": "67119520",
          "proxy_context_occurrence": "1830113098-M1:1",
          "owner_document": "E:\\Phase 1\\New-Assemblies\\PRANA - Assembly Automation\\Assembly 16\\Workspaces\\1830113088-M1\\1830113098-M1.ipt",
          "reference_key_string": "AQQKAFgAAAAAAAAAAgAAAD8AAAADAAAAQQAAAAYAAABDAAAABgAAAEUAAAAGAAAATAAAAAYAAABOAAAABgAAAFEAAAAGAAAAVAAAAAYAAABXAAAABgAAAFgAAAAGAAAA",
          "context_key_string": "nsIrpNQR6AFgAC2z7in7sAQAAB5AAADIMgIotS/9IIFFAwBkBQABAADtN0PA0xEdDmAAALgylIewAAABAQAAsS28CdARH+wACNywOz6oCQIBAACyBAAAAFQAZQBzAHQAfAGPQf5NIB01O12j2sGJmAD/////AAAAAAAABgBICM1Q4SAAYOo/XxjmxA==",
          "surface_type": "kPlaneSurface",
          "area_cm2": 1076.7334242258705,
          "face_normal_at_center": [
            -1.0,
            0.0,
            0.0
          ],
          "face_point_at_center": [
            19.880000000000038,
            5.1159076974727213E-13,
            9.225000000000005
          ],
          "face_bbox_min": [
            19.879978263348637,
            -29.879314629871107,
            0.19997826334972327
          ],
          "face_bbox_max": [
            19.880021736649208,
            29.879292893221891,
            18.250000000000007
          ],
          "loops": [
            {
              "is_outer": false,
              "edge_reference_keys": [
                "AQQBABAAAAAAAAAAAgAAAEEAAAAGAAAA"
              ]
            },
            {
              "is_outer": false,
              "edge_reference_keys": [
                "AQQBABAAAAAAAAAAAgAAAEMAAAAGAAAA"
              ]
            },
            {
              "is_outer": false,
              "edge_reference_keys": [
                "AQQBABAAAAAAAAAAAgAAAEUAAAAGAAAA"
              ]
            },
            {
              "is_outer": true,
              "edge_reference_keys": [
                "AQQBABAAAAAAAAAAAgAAAEwAAAAGAAAA",
                "AQQBABAAAAAAAAAAAgAAAE4AAAAGAAAA",
                "AQQBABAAAAAAAAAAAgAAAFEAAAAGAAAA",
                "AQQBABAAAAAAAAAAAgAAAFQAAAAGAAAA",
                "AQQBABAAAAAAAAAAAgAAAFcAAAAGAAAA",
                "AQQBABAAAAAAAAAAAgAAAFgAAAAGAAAA"
              ]
            }
          ],
          "curve_type": null,
          "length_cm": null,
          "edge_midpoint": null,
          "edge_tangent_at_mid": null,
          "work_feature_name": null
        }
      },
      {
        "constraint_name": "Flush:1",
        "constraint_type": "kFlushConstraint",
        "suppressed": false,
        "health_status": "kUpToDateHealth",
        "node_one_id": "0298100025-M1-00:1",
        "node_two_id": "1830113098-M1:1",
        "offset_cm": 0.0,
        "angle_rad": null,
        "entity_one": {
          "entity_type": "67119520",
          "proxy_context_occurrence": "0298100025-M1-00:1",
          "owner_document": "E:\\Phase 1\\New-Assemblies\\PRANA - Assembly Automation\\Assembly 16\\Workspaces\\1830113088-M1\\0298100025-M1-00.ipt",
          "reference_key_string": "AQQIAEgAAAAAAAAAAgAAAAEAAAADAAAABAAAAAYAAAAIAAAABgAAAAsAAAAGAAAADgAAAAYAAAARAAAABgAAABQAAAAGAAAAFgAAAAYAAAA=",
          "context_key_string": "nsIrpNQR6AFgAC2z7in7sAQAAB5AAADIMgIotS/9IIFFAwBkBQABAADtN0PA0xEdDmAAALgylIewAAABAQAAsS28CdARH+wACNywOz6oCQIBAACyBAAAAFQAZQBzAHQAj/ACriNABUTL6Pis/qwbrAD/////AAAAAAAABgBICBIuHAQATP3nC8OcGA==",
          "surface_type": "kPlaneSurface",
          "area_cm2": 0.42045560883200445,
          "face_normal_at_center": [
            8.2824724483261326E-34,
            4.2406258935429838E-33,
            1.0
          ],
          "face_point_at_center": [
            2.7755575615628914E-17,
            -1.0547118733938987E-15,
            0.080000000000000016
          ],
          "face_bbox_min": [
            -0.59000000000000008,
            -0.68127331764375954,
            0.080000000000000016
          ],
          "face_bbox_max": [
            0.59000000000000008,
            0.68127331764375754,
            0.080000000000000016
          ],
          "loops": [
            {
              "is_outer": false,
              "edge_reference_keys": [
                "AQQBABAAAAAAAAAAAgAAAAQAAAAGAAAA"
              ]
            },
            {
              "is_outer": true,
              "edge_reference_keys": [
                "AQQBABAAAAAAAAAAAgAAAAgAAAAGAAAA",
                "AQQBABAAAAAAAAAAAgAAAAsAAAAGAAAA",
                "AQQBABAAAAAAAAAAAgAAAA4AAAAGAAAA",
                "AQQBABAAAAAAAAAAAgAAABEAAAAGAAAA",
                "AQQBABAAAAAAAAAAAgAAABQAAAAGAAAA",
                "AQQBABAAAAAAAAAAAgAAABYAAAAGAAAA"
              ]
            }
          ],
          "curve_type": null,
          "length_cm": null,
          "edge_midpoint": null,
          "edge_tangent_at_mid": null,
          "work_feature_name": null
        },
        "entity_two": {
          "entity_type": "67119520",
          "proxy_context_occurrence": "1830113098-M1:1",
          "owner_document": "E:\\Phase 1\\New-Assemblies\\PRANA - Assembly Automation\\Assembly 16\\Workspaces\\1830113088-M1\\1830113098-M1.ipt",
          "reference_key_string": "AQQKAFgAAAAAAAAAAgAAAFkAAAADAAAAWwAAAAYAAABdAAAABgAAAF8AAAAGAAAAYwAAAAYAAABmAAAABgAAAGgAAAAGAAAAagAAAAYAAABsAAAABgAAAG0AAAAGAAAA",
          "context_key_string": "nsIrpNQR6AFgAC2z7in7sAQAAB5AAADIMgIotS/9IIFFAwBkBQABAADtN0PA0xEdDmAAALgylIewAAABAQAAsS28CdARH+wACNywOz6oCQIBAACyBAAAAFQAZQBzAHQAfAGPQf5NIB01O12j2sGJmAD/////AAAAAAAABgBICM1Q4SAAYOo/XxjmxA==",
          "surface_type": "kPlaneSurface",
          "area_cm2": 1076.7334242258646,
          "face_normal_at_center": [
            1.0,
            0.0,
            0.0
          ],
          "face_point_at_center": [
            20.000000000000039,
            1.1368683772161603E-13,
            9.2249999999999979
          ],
          "face_bbox_min": [
            19.999990686076682,
            -29.879292893220821,
            0.19999999999999929
          ],
          "face_bbox_max": [
            20.000009313918635,
            29.879292893221049,
            18.250009313920955
          ],
          "loops": [
            {
              "is_outer": false,
              "edge_reference_keys": [
                "AQQBABAAAAAAAAAAAgAAAFsAAAAGAAAA"
              ]
            },
            {
              "is_outer": false,
              "edge_reference_keys": [
                "AQQBABAAAAAAAAAAAgAAAF0AAAAGAAAA"
              ]
            },
            {
              "is_outer": false,
              "edge_reference_keys": [
                "AQQBABAAAAAAAAAAAgAAAF8AAAAGAAAA"
              ]
            },
            {
              "is_outer": true,
              "edge_reference_keys": [
                "AQQBABAAAAAAAAAAAgAAAGMAAAAGAAAA",
                "AQQBABAAAAAAAAAAAgAAAGYAAAAGAAAA",
                "AQQBABAAAAAAAAAAAgAAAGgAAAAGAAAA",
                "AQQBABAAAAAAAAAAAgAAAGoAAAAGAAAA",
                "AQQBABAAAAAAAAAAAgAAAGwAAAAGAAAA",
                "AQQBABAAAAAAAAAAAgAAAG0AAAAGAAAA"
              ]
            }
          ],
          "curve_type": null,
          "length_cm": null,
          "edge_midpoint": null,
          "edge_tangent_at_mid": null,
          "work_feature_name": null
        }
      },
      {
        "constraint_name": "Mate:4",
        "constraint_type": "kMateConstraint",
        "suppressed": false,
        "health_status": "kUpToDateHealth",
        "node_one_id": "0298100025-M1-00:1",
        "node_two_id": "1830113098-M1:1",
        "offset_cm": 0.0,
        "angle_rad": null,
        "entity_one": {
          "entity_type": "67119520",
          "proxy_context_occurrence": "0298100025-M1-00:1",
          "owner_document": "E:\\Phase 1\\New-Assemblies\\PRANA - Assembly Automation\\Assembly 16\\Workspaces\\1830113088-M1\\0298100025-M1-00.ipt",
          "reference_key_string": "AQQDACAAAAAAAAAAAgAAAAIAAAADAAAAGQAAAAYAAAAEAAAABgAAAA==",
          "context_key_string": "nsIrpNQR6AFgAC2z7in7sAQAAB5AAADIMgIotS/9IIFFAwBkBQABAADtN0PA0xEdDmAAALgylIewAAABAQAAsS28CdARH+wACNywOz6oCQIBAACyBAAAAFQAZQBzAHQAj/ACriNABUTL6Pis/qwbrAD/////AAAAAAAABgBICBIuHAQATP3nC8OcGA==",
          "surface_type": "kCylinderSurface",
          "area_cm2": 2.1991148575128556,
          "face_normal_at_center": [
            1.0,
            3.2592587904806173E-16,
            0.0
          ],
          "face_point_at_center": [
            -0.5,
            -1.6296293952403087E-16,
            -0.27000000000000007
          ],
          "face_bbox_min": [
            -0.5,
            -0.5,
            -0.62000000000000011
          ],
          "face_bbox_max": [
            0.5,
            0.5,
            0.080000000000000071
          ],
          "loops": [
            {
              "is_outer": true,
              "edge_reference_keys": [
                "AQQBABAAAAAAAAAAAgAAABkAAAAGAAAA"
              ]
            },
            {
              "is_outer": true,
              "edge_reference_keys": [
                "AQQBABAAAAAAAAAAAgAAAAQAAAAGAAAA"
              ]
            }
          ],
          "curve_type": null,
          "length_cm": null,
          "edge_midpoint": null,
          "edge_tangent_at_mid": null,
          "work_feature_name": null
        },
        "entity_two": {
          "entity_type": "67119520",
          "proxy_context_occurrence": "1830113098-M1:1",
          "owner_document": "E:\\Phase 1\\New-Assemblies\\PRANA - Assembly Automation\\Assembly 16\\Workspaces\\1830113088-M1\\1830113098-M1.ipt",
          "reference_key_string": "AQQDACAAAAAAAAAAAgAAACkAAAADAAAARQAAAAYAAABfAAAABgAAAA==",
          "context_key_string": "nsIrpNQR6AFgAC2z7in7sAQAAB5AAADIMgIotS/9IIFFAwBkBQABAADtN0PA0xEdDmAAALgylIewAAABAQAAsS28CdARH+wACNywOz6oCQIBAACyBAAAAFQAZQBzAHQAfAGPQf5NIB01O12j2sGJmAD/////AAAAAAAABgBICM1Q4SAAYOo/XxjmxA==",
          "surface_type": "kCylinderSurface",
          "area_cm2": 0.33929200658771047,
          "face_normal_at_center": [
            0.0,
            -2.3223086063998068E-17,
            1.0
          ],
          "face_point_at_center": [
            19.94000000000004,
            19.999999999997847,
            14.3
          ],
          "face_bbox_min": [
            19.880000000000038,
            19.549999999997848,
            14.3
          ],
          "face_bbox_max": [
            20.000000000000043,
            20.449999999997846,
            15.2
          ],
          "loops": [
            {
              "is_outer": true,
              "edge_reference_keys": [
                "AQQBABAAAAAAAAAAAgAAAEUAAAAGAAAA"
              ]
            },
            {
              "is_outer": true,
              "edge_reference_keys": [
                "AQQBABAAAAAAAAAAAgAAAF8AAAAGAAAA"
              ]
            }
          ],
          "curve_type": null,
          "length_cm": null,
