{
  "assembly_metadata": {
    "assembly_name": "1830052065-M1.iam",
    "full_file_name": "E:\\Phase 1\\New-Assemblies\\PRANA - Assembly Automation\\Assembly 12\\Workspaces\\1830052065-M1\\1830052065-M1.iam",
    "internal_name": "{41E32AD1-44FB-A3BC-F316-2B97DE77FEED}",
    "total_occurrences": 97,
    "total_constraints": 196
  },
  "physics": {
    "mass_kg": 97.601325795509169,
    "center_of_mass": [
      -2.2725249543109634,
      8.3355370969933222,
      -15.326392117524007
    ],
    "inertia_tensor": [
      449101.02364800067,
      515770.51222108747,
      126432.02881915962,
      -5198.3831501528921,
      -5906.5541925998514,
      -489.52514242872269
    ]
  },
  "assembly_graph": {
    "nodes": [
      {
        "node_id": "1830052065-P1:1",
        "file_name": "E:\\Phase 1\\New-Assemblies\\PRANA - Assembly Automation\\Assembly 12\\Workspaces\\1830052065-M1\\1830052065-P1.ipt",
        "component_type": "kPartDocumentObject",
        "grounded": true,
        "suppressed": false,
        "visible": true,
        "adaptive": false,
        "flexible": false,
        "dof_translation": 0,
        "dof_rotation": 0,
        "fully_constrained": false,
        "transform": {
          "rotation_matrix": [
            [
              -0.99999999999999878,
              2.2927365276263561E-14,
              6.296551789183135E-14
            ],
            [
              -6.2145566680818448E-14,
              -9.4071753467150065E-16,
              -0.99999999999999933
            ],
            [
              -2.3371454486113611E-14,
              -0.99999999999999822,
              1.1454035505558576E-15
            ]
          ],
          "translation_cm": [
            34.248810698705142,
            25.919478724826945,
            85.145668027118617
          ]
        }
      },
      {
        "node_id": "1830052065-P2:1",
        "file_name": "E:\\Phase 1\\New-Assemblies\\PRANA - Assembly Automation\\Assembly 12\\Workspaces\\1830052065-M1\\1830052065-P2.ipt",
        "component_type": "kPartDocumentObject",
        "grounded": false,
        "suppressed": false,
        "visible": true,
        "adaptive": false,
        "flexible": false,
        "dof_translation": 1,
        "dof_rotation": 0,
        "fully_constrained": false,
        "transform": {
          "rotation_matrix": [
            [
              -0.99999999999999978,
              5.6386808232525007E-14,
              -2.8204091991805194E-14
            ],
            [
              -5.6497512180558528E-14,
              -1.0000000000000004,
              5.5431403242490032E-15
            ],
            [
              -2.7927882069679033E-14,
              3.877805787312906E-15,
              1.0000000000000002
            ]
          ],
          "translation_cm": [
            39.498810698710713,
            25.669478724826853,
            -109.85433197288123
          ]
        }
      },
      {
        "node_id": "1830052065-P3:1",
        "file_name": "E:\\Phase 1\\New-Assemblies\\PRANA - Assembly Automation\\Assembly 12\\Workspaces\\1830052065-M1\\1830052065-P3.ipt",
        "component_type": "kPartDocumentObject",
        "grounded": false,
        "suppressed": false,
        "visible": true,
        "adaptive": false,
        "flexible": false,
        "dof_translation": 0,
        "dof_rotation": 0,
        "fully_constrained": true,
        "transform": {
          "rotation_matrix": [
            [
              0.99999999999999933,
              5.7838501218448984E-14,
              2.2884812455086742E-14
            ],
            [
              5.822108583567165E-14,
              -1.0000000000000002,
              -1.8394940347377712E-16
            ],
            [
              2.3009712545361445E-14,
              6.77261224748966E-16,
              -1.0000000000000002
            ]
          ],
          "translation_cm": [
            -42.251189301294744,
            25.669478724822191,
            85.145668027116812
          ]
        }
      },
      {
        "node_id": "1830052065-P4:1",
        "file_name": "E:\\Phase 1\\New-Assemblies\\PRANA - Assembly Automation\\Assembly 12\\Workspaces\\1830052065-M1\\1830052065-P4.ipt",
        "component_type": "kPartDocumentObject",
        "grounded": false,
        "suppressed": false,
        "visible": true,
        "adaptive": true,
        "flexible": false,
        "dof_translation": 0,
        "dof_rotation": 0,
        "fully_constrained": true,
        "transform": {
          "rotation_matrix": [
            [
              -1.0,
              2.7898144043474032E-14,
              5.74336273934332E-14
            ],
            [
              -5.7837261371926413E-14,
              -1.5825103019164919E-16,
              -1.0000000000000004
            ],
            [
              -2.8134291561057843E-14,
              -1.0000000000000004,
              2.8227862892935677E-15
            ]
          ],
          "translation_cm": [
            39.498810698705185,
            25.919478724826913,
            85.145668027118745
          ]
        }
      },
      {
        "node_id": "1830052065-P5:1",
        "file_name": "E:\\Phase 1\\New-Assemblies\\PRANA - Assembly Automation\\Assembly 12\\Workspaces\\1830052065-M1\\1830052065-P5.ipt",
        "component_type": "kPartDocumentObject",
        "grounded": false,
        "suppressed": false,
        "visible": true,
        "adaptive": false,
        "flexible": false,
        "dof_translation": 0,
        "dof_rotation": 0,
        "fully_constrained": true,
        "transform": {
          "rotation_matrix": [
            [
              3.1709382178285224E-14,
              0.99999999999999845,
              -2.3095916569848181E-14
            ],
            [
              -1.0000000000000007,
              3.22644936905981E-14,
              2.8909515423298106E-16
            ],
            [
              6.7726122474836448E-16,
              2.2993762447663032E-14,
              0.99999999999999978
            ]
          ],
          "translation_cm": [
            -21.521189301291347,
            -17.43042995226396,
            41.745668027117347
          ]
        }
      },
      {
        "node_id": "1830052065-P5:2",
        "file_name": "E:\\Phase 1\\New-Assemblies\\PRANA - Assembly Automation\\Assembly 12\\Workspaces\\1830052065-M1\\1830052065-P5.ipt",
        "component_type": "kPartDocumentObject",
        "grounded": false,
        "suppressed": false,
        "visible": true,
        "adaptive": false,
        "flexible": false,
        "dof_translation": 0,
        "dof_rotation": 0,
        "fully_constrained": true,
        "transform": {
          "rotation_matrix": [
            [
              3.103437211148536E-14,
              0.99999999999999845,
              -2.3095916569848181E-14
            ],
            [
              -1.0000000000000007,
              3.1589483623797964E-14,
              2.8909515423298614E-16
            ],
            [
              6.7726122474834919E-16,
              2.2993762447663042E-14,
              0.99999999999999978
            ]
          ],
          "translation_cm": [
            -21.521189301289283,
            -17.430429952263985,
            -48.95433197288267
          ]
        }
      },
      {
        "node_id": "1830052065-P6:8",
        "file_name": "E:\\Phase 1\\New-Assemblies\\PRANA - Assembly Automation\\Assembly 12\\Workspaces\\1830052065-M1\\1830052065-P6.ipt",
        "component_type": "kPartDocumentObject",
        "grounded": false,
        "suppressed": false,
        "visible": true,
        "adaptive": false,
        "flexible": false,
        "dof_translation": 0,
        "dof_rotation": 0,
        "fully_constrained": true,
        "transform": {
          "rotation_matrix": [
            [
              -5.71314684043983E-14,
              -0.99999999999999845,
              -2.8268973065082947E-14
            ],
            [
              0.99999999999999978,
              -5.7018110508136528E-14,
              1.1380140501676816E-15
            ],
            [
              -7.08214616232006E-16,
              -2.7796827931703568E-14,
              1.0000000000000009
            ]
          ],
          "translation_cm": [
            39.248810698709171,
            -10.330521275172842,
            17.495668027119027
          ]
        }
      },
      {
        "node_id": "1830052065-P6:6",
        "file_name": "E:\\Phase 1\\New-Assemblies\\PRANA - Assembly Automation\\Assembly 12\\Workspaces\\1830052065-M1\\1830052065-P6.ipt",
        "component_type": "kPartDocumentObject",
        "grounded": false,
        "suppressed": false,
        "visible": true,
        "adaptive": false,
        "flexible": false,
        "dof_translation": 0,
        "dof_rotation": 0,
        "fully_constrained": true,
        "transform": {
          "rotation_matrix": [
            [
              5.7368482095992957E-14,
              0.99999999999999911,
              -2.3007799861299534E-14
            ],
            [
              -0.99999999999999989,
              5.816345029530113E-14,
              9.40717534671498E-16
            ],
            [
              1.1072509883652629E-15,
              2.3502887078677811E-14,
              1.0000000000000016
            ]
          ],
          "translation_cm": [
            -42.251189301292477,
            13.669478724822419,
            17.195668027117105
          ]
        }
      },
      {
        "node_id": "1830052065-P6:5",
        "file_name": "E:\\Phase 1\\New-Assemblies\\PRANA - Assembly Automation\\Assembly 12\\Workspaces\\1830052065-M1\\1830052065-P6.ipt",
        "component_type": "kPartDocumentObject",
        "grounded": false,
        "suppressed": false,
        "visible": true,
        "adaptive": false,
        "flexible": false,
        "dof_translation": 0,
        "dof_rotation": 0,
        "fully_constrained": true,
        "transform": {
          "rotation_matrix": [
            [
              -5.7190069931429693E-14,
              -0.99999999999999911,
              -2.8268973065082966E-14
            ],
            [
              0.99999999999999933,
              -5.7723291591879384E-14,
              1.1768615858303878E-15
            ],
            [
              -6.772612247489504E-16,
              -2.7931803882097049E-14,
              1.0000000000000016
            ]
          ],
          "translation_cm": [
            39.248810698707643,
            16.669478724827151,
            17.195668027119016
          ]
        }
      },
      {
        "node_id": "1830052065-P8:1",
        "file_name": "E:\\Phase 1\\New-Assemblies\\PRANA - Assembly Automation\\Assembly 12\\Workspaces\\1830052065-M1\\1830052065-P8.ipt",
        "component_type": "kPartDocumentObject",
        "grounded": false,
        "suppressed": false,
        "visible": true,
        "adaptive": false,
        "flexible": false,
        "dof_translation": 0,
        "dof_rotation": 0,
        "fully_constrained": true,
        "transform": {
          "rotation_matrix": [
            [
              1.0,
              -5.14509301835181E-14,
              -2.3166755429526E-14
            ],
            [
              5.1243418765618578E-14,
              0.99999999999999911,
              8.5778825804717877E-16
            ],
            [
              2.338838804634605E-14,
              -7.0821461623187363E-16,
              1.0000000000000011
            ]
          ],
          "translation_cm": [
            -22.071189301290726,
            -16.830521275176785,
            17.495668027117606
          ]
        }
      },
      {
        "node_id": "1830052065-P7:5",
        "file_name": "E:\\Phase 1\\New-Assemblies\\PRANA - Assembly Automation\\Assembly 12\\Workspaces\\1830052065-M1\\1830052065-P7.ipt",
        "component_type": "kPartDocumentObject",
        "grounded": false,
        "suppressed": false,
        "visible": true,
        "adaptive": false,
        "flexible": false,
        "dof_translation": 0,
        "dof_rotation": 0,
        "fully_constrained": true,
        "transform": {
          "rotation_matrix": [
            [
              2.8345040619868226E-14,
              -0.99999999999999911,
              -5.0146869869041335E-14
            ],
            [
              -4.5562860792724324E-16,
              -4.9997296227224116E-14,
              1.0000000000000013
            ],
            [
              -1.0000000000000002,
              -2.8342022024791993E-14,
              -6.7726122474875575E-16
            ]
          ],
          "translation_cm": [
            39.24881069870748,
            -15.230521275173132,
            76.895668027119115
          ]
        }
      },
      {
        "node_id": "1830052065-P7:1",
        "file_name": "E:\\Phase 1\\New-Assemblies\\PRANA - Assembly Automation\\Assembly 12\\Workspaces\\1830052065-M1\\1830052065-P7.ipt",
        "component_type": "kPartDocumentObject",
        "grounded": false,
        "suppressed": false,
        "visible": true,
        "adaptive": false,
        "flexible": false,
        "dof_translation": 1,
        "dof_rotation": 0,
        "fully_constrained": false,
        "transform": {
          "rotation_matrix": [
            [
              2.8345040619868219E-14,
              -0.99999999999999933,
              -5.7177518727387368E-14
            ],
            [
              -1.5597625286162684E-16,
              -5.7027945085570186E-14,
              1.0000000000000013
            ],
            [
              -1.0000000000000004,
              -2.8342022024791943E-14,
              -3.7760886968333639E-16
            ]
          ],
          "translation_cm": [
            39.248810698707828,
            -14.530521275173136,
            73.3956680271187
          ]
        }
      },
      {
        "node_id": "1830052065-P7:6",
        "file_name": "E:\\Phase 1\\New-Assemblies\\PRANA - Assembly Automation\\Assembly 12\\Workspaces\\1830052065-M1\\1830052065-P7.ipt",
        "component_type": "kPartDocumentObject",
        "grounded": false,
        "suppressed": false,
        "visible": true,
        "adaptive": false,
        "flexible": false,
        "dof_translation": 0,
        "dof_rotation": 0,
        "fully_constrained": true,
        "transform": {
          "rotation_matrix": [
            [
              1.0000000000000004,
              2.8265324331762236E-14,
              -5.7272417032461745E-14
            ],
            [
              5.74940496492818E-14,
              -5.9552458549894715E-16,
              1.0000000000000013
            ],
            [
              2.8268342926838488E-14,
              -0.99999999999999933,
              -7.4509822731765129E-16
            ]
          ],
          "translation_cm": [
            -16.751189301292516,
            -14.53052127517635,
            84.89566802711758
          ]
        }
      },
      {
        "node_id": "1830052065-P7:7",
        "file_name": "E:\\Phase 1\\New-Assemblies\\PRANA - Assembly Automation\\Assembly 12\\Workspaces\\1830052065-M1\\1830052065-P7.ipt",
        "component_type": "kPartDocumentObject",
        "grounded": false,
        "suppressed": false,
        "visible": true,
        "adaptive": false,
        "flexible": false,
        "dof_translation": 0,
        "dof_rotation": 0,
        "fully_constrained": true,
        "transform": {
          "rotation_matrix": [
            [
              -0.99999999999999978,
              2.2323283566629709E-14,
              5.7771605405437849E-14
            ],
            [
              -5.7494049649281762E-14,
              -1.0437202061669125E-15,
              -1.0000000000000013
            ],
            [
              -2.28968185916055E-14,
              -0.99999999999999933,
              6.0942422218056367E-16
            ]
          ],
          "translation_cm": [
            -19.751189301292495,
            -14.955521275176523,
            84.895668027117381
          ]
        }
      },
      {
        "node_id": "0298100086-M1:2",
        "file_name": "E:\\Phase 1\\New-Assemblies\\PRANA - Assembly Automation\\Assembly 12\\Workspaces\\1830052065-M1\\0298100086-M1.ipt",
        "component_type": "kPartDocumentObject",
        "grounded": false,
        "suppressed": false,
        "visible": true,
        "adaptive": false,
        "flexible": false,
        "dof_translation": 0,
        "dof_rotation": 0,
        "fully_constrained": true,
        "transform": {
          "rotation_matrix": [
            [
              -3.4294827110578129E-15,
              0.99999999999999833,
              4.8753951217855086E-14
            ],
            [
              -1.5597625286341521E-16,
              5.0031093689932341E-14,
              -0.99999999999999867
            ],
            [
              -1.000000000000002,
              -3.4572382866734154E-15,
              9.1905132923033107E-17
            ]
          ],
          "translation_cm": [
            37.698810698708257,
            -17.000521275173217,
            43.045668027118644
          ]
        }
      },
      {
        "node_id": "0298100086-M1:1",
        "file_name": "E:\\Phase 1\\New-Assemblies\\PRANA - Assembly Automation\\Assembly 12\\Workspaces\\1830052065-M1\\0298100086-M1.ipt",
        "component_type": "kPartDocumentObject",
        "grounded": false,
        "suppressed": false,
        "visible": true,
        "adaptive": false,
        "flexible": false,
        "dof_translation": 0,
        "dof_rotation": 0,
        "fully_constrained": true,
        "transform": {
          "rotation_matrix": [
            [
              0.86602540378443771,
              0.50000000000000178,
              4.9357931879964821E-14
            ],
            [
              4.1095214627718275E-14,
              2.8815592771293032E-14,
              -0.99999999999999756
            ],
            [
              -0.50000000000000377,
              0.866025403784438,
              2.8227862892933638E-15
            ]
          ],
          "translation_cm": [
            37.698810698710318,
            -17.000521275173792,
            -47.654331972881273
          ]
        }
      },
      {
        "node_id": "0298100086-M1:3",
        "file_name": "E:\\Phase 1\\New-Assemblies\\PRANA - Assembly Automation\\Assembly 12\\Workspaces\\1830052065-M1\\0298100086-M1.ipt",
        "component_type": "kPartDocumentObject",
        "grounded": false,
        "suppressed": false,
        "visible": true,
        "adaptive": false,
        "flexible": false,
        "dof_translation": 0,
        "dof_rotation": 0,
        "fully_constrained": true,
        "transform": {
          "rotation_matrix": [
            [
              -6.0316802230226414E-15,
              0.99999999999999878,
              4.9220140109986746E-14
            ],
            [
              -3.4700422169350627E-15,
              4.9997296227224331E-14,
              -0.99999999999999889
            ],
            [
              -1.0000000000000029,
              -3.4551782182794153E-15,
              2.82278628929337E-15
            ]
          ],
          "translation_cm": [
            37.698810698710048,
            -17.000521275173664,
            -44.254331972881239
          ]
        }
      },
      {
        "node_id": "0298100086-M1:4",
        "file_name": "E:\\Phase 1\\New-Assemblies\\PRANA - Assembly Automation\\Assembly 12\\Workspaces\\1830052065-M1\\0298100086-M1.ipt",
        "component_type": "kPartDocumentObject",
        "grounded": false,
        "suppressed": false,
        "visible": true,
        "adaptive": false,
        "flexible": false,
        "dof_translation": 0,
        "dof_rotation": 0,
        "fully_constrained": true,
        "transform": {
          "rotation_matrix": [
            [
              0.86602540378443826,
              0.50000000000000078,
              4.866404248957394E-14
            ],
            [
              4.1356170434366468E-14,
              2.8363604055648226E-14,
              -0.99999999999999878
            ],
            [
              -0.50000000000000311,
              0.86602540378443726,
              2.8227862892933764E-15
            ]
          ],
          "translation_cm": [
            37.698810698708151,
            -17.00052127517322,
            46.445668027118771
          ]
        }
      },
      {
        "node_id": "0298100086-M1:5",
        "file_name": "E:\\Phase 1\\New-Assemblies\\PRANA - Assembly Automation\\Assembly 12\\Workspaces\\1830052065-M1\\0298100086-M1.ipt",
        "component_type": "kPartDocumentObject",
        "grounded": false,
        "suppressed": false,
        "visible": true,
        "adaptive": false,
        "flexible": false,
        "dof_translation": 0,
        "dof_rotation": 0,
        "fully_constrained": true,
        "transform": {
          "rotation_matrix": [
            [
              -0.86602540378443438,
              -0.50000000000000655,
              5.0691542273578366E-14
            ],
            [
              -4.4141867506661018E-14,
              -2.640088944064314E-14,
              -0.99999999999999767
            ],
            [
              0.50000000000000655,
              -0.8660254037844346,
              4.0094587114288673E-16
            ]
          ],
          "translation_cm": [
            -30.801189301289547,
            -17.000521275177288,
            -47.654331972882723
          ]
        }
      },
      {
        "node_id": "0298100086-M1:6",
        "file_name": "E:\\Phase 1\\New-Assemblies\\PRANA - Assembly Automation\\Assembly 12\\Workspaces\\1830052065-M1\\0298100086-M1.ipt",
        "component_type": "kPartDocumentObject",
        "grounded": false,
        "suppressed": false,
        "visible": true,
        "adaptive": false,
        "flexible": false,
        "dof_translation": 0,
        "dof_rotation": 0,
        "fully_constrained": true,
        "transform": {
          "rotation_matrix": [
            [
              -0.86602540378443416,
              -0.50000000000000488,
              5.0582201148173623E-14
            ],
            [
              -4.44500385400179E-14,
              -2.6578812069708115E-14,
              -1.0
            ],
            [
              0.500000000000007,
              -0.866025403784435,
              -7.1781064228821107E-16
            ]
          ],
          "translation_cm": [
            -30.801189301290933,
            -17.000521275177288,
            -44.25433197288276
          ]
        }
      },
      {
        "node_id": "0298100086-M1:7",
        "file_name": "E:\\Phase 1\\New-Assemblies\\PRANA - Assembly Automation\\Assembly 12\\Workspaces\\1830052065-M1\\0298100086-M1.ipt",
        "component_type": "kPartDocumentObject",
        "grounded": false,
        "suppressed": false,
        "visible": true,
        "adaptive": false,
        "flexible": false,
        "dof_translation": 0,
        "dof_rotation": 0,
        "fully_constrained": true,
        "transform": {
          "rotation_matrix": [
            [
              -0.86602540378443471,
              -0.50000000000000555,
              5.1579035150480093E-14
            ],
            [
              -4.4147281633959916E-14,
              -2.6404015288496536E-14,
              -0.99999999999999845
            ],
            [
              0.50000000000000711,
              -0.8660254037844356,
              -1.6196381974459391E-16
            ]
          ],
          "translation_cm": [
            -30.80118930129273,
            -17.00052127517721,
            43.045668027117088
          ]
        }
      },
      {
        "node_id": "0298100086-M1:8",
        "file_name": "E:\\Phase 1\\New-Assemblies\\PRANA - Assembly Automation\\Assembly 12\\Workspaces\\1830052065-M1\\0298100086-M1.ipt",
        "component_type": "kPartDocumentObject",
        "grounded": false,
        "suppressed": false,
        "visible": true,
        "adaptive": false,
        "flexible": false,
        "dof_translation": 0,
        "dof_rotation": 0,
        "fully_constrained": true,
        "transform": {
          "rotation_matrix": [
            [
              -0.86602540378443449,
              -0.50000000000000622,
              5.2460451398597663E-14
            ],
            [
              -4.4032867835441126E-14,
              -2.633795845112274E-14,
              -0.99999999999999745
            ],
            [
              0.50000000000000622,
              -0.866025403784434,
              -9.0552525770385232E-16
            ]
          ],
          "translation_cm": [
            -30.801189301292833,
            -17.000521275177203,
            46.445668027117094
          ]
        }
      },
      {
        "node_id": "0298100074-M1:25",
        "file_name": "E:\\Phase 1\\New-Assemblies\\PRANA - Assembly Automation\\Assembly 12\\Workspaces\\1830052065-M1\\0298100074-M1.ipt",
        "component_type": "kPartDocumentObject",
        "grounded": false,
        "suppressed": false,
        "visible": true,
        "adaptive": false,
        "flexible": false,
        "dof_translation": 0,
        "dof_rotation": 0,
        "fully_constrained": true,
        "transform": {
          "rotation_matrix": [
            [
              2.307392853379777E-14,
              5.7619748685779851E-14,
              -0.999999999999998
            ],
            [
              -5.3901327845715629E-14,
              -1.0,
              -5.6764731864912514E-14
            ],
            [
              -1.0000000000000007,
              5.5677684684787278E-14,
              -2.2521584165632025E-14
            ]
          ],
          "translation_cm": [
            -40.001189301288058,
            -14.580521275177988,
            -104.85433197288231
          ]
        }
      },
      {
        "node_id": "0298100074-M1:26",
        "file_name": "E:\\Phase 1\\New-Assemblies\\PRANA - Assembly Automation\\Assembly 12\\Workspaces\\1830052065-M1\\0298100074-M1.ipt",
        "component_type": "kPartDocumentObject",
        "grounded": false,
        "suppressed": false,
        "visible": true,
        "adaptive": false,
        "flexible": false,
        "dof_translation": 0,
        "dof_rotation": 0,
        "fully_constrained": true,
        "transform": {
          "rotation_matrix": [
            [
              6.15136669267865E-14,
              8.87145445852046E-15,
              -0.99999999999999833
            ],
            [
              -0.86602540378446469,
              -0.49999999999995126,
              -5.7189105547333769E-14
            ],
            [
              -0.49999999999995215,
              0.86602540378446569,
              -2.2666050871304781E-14
            ]
          ],
          "translation_cm": [
            -40.001189301288385,
            -14.58052127517831,
            -91.354331972882235
          ]
        }
      },
      {
        "node_id": "0298100074-M1:1",
        "file_name": "E:\\Phase 1\\New-Assemblies\\PRANA - Assembly Automation\\Assembly 12\\Workspaces\\1830052065-M1\\0298100074-M1.ipt",
        "component_type": "kPartDocumentObject",
        "grounded": false,
        "suppressed": false,
        "visible": true,
        "adaptive": false,
        "flexible": false,
        "dof_translation": 0,
        "dof_rotation": 0,
        "fully_constrained": true,
        "transform": {
          "rotation_matrix": [
            [
              0.50000000000000466,
              -0.8660254037844386,
              -5.7694565145685933E-14
            ],
            [
              2.7854327918364795E-14,
              -5.0126546234637437E-14,
              1.0000000000000002
            ],
            [
              -0.86602540378443837,
              -0.50000000000000444,
              -1.0249856172869933E-15
            ]
          ],
          "translation_cm": [
            11.898810698704553,
            23.419478724825538,
            65.145668027119243
          ]
        }
      },
      {
        "node_id": "0298100074-M1:2",
        "file_name": "E:\\Phase 1\\New-Assemblies\\PRANA - Assembly Automation\\Assembly 12\\Workspaces\\1830052065-M1\\0298100074-M1.ipt",
        "component_type": "kPartDocumentObject",
        "grounded": false,
        "suppressed": false,
        "visible": true,
        "adaptive": false,
        "flexible": false,
        "dof_translation": 0,
        "dof_rotation": 0,
        "fully_constrained": true,
        "transform": {
          "rotation_matrix": [
            [
              0.50000000000000433,
              -0.866025403784438,
              -5.7890710435024141E-14
            ],
            [
              2.77527210163409E-14,
              -4.9950557917932381E-14,
              0.99999999999999989
            ],
            [
              -0.86602540378443882,
              -0.50000000000000377,
              -1.1098284154888942E-15
            ]
          ],
          "translation_cm": [
            11.898810698706251,
            23.419478724825492,
            25.145668027121033
          ]
        }
      },
      {
        "node_id": "0298100074-M1:3",
        "file_name": "E:\\Phase 1\\New-Assemblies\\PRANA - Assembly Automation\\Assembly 12\\Workspaces\\1830052065-M1\\0298100074-M1.ipt",
        "component_type": "kPartDocumentObject",
        "grounded": false,
        "suppressed": false,
        "visible": true,
        "adaptive": false,
        "flexible": false,
        "dof_translation": 0,
        "dof_rotation": 0,
        "fully_constrained": true,
        "transform": {
          "rotation_matrix": [
            [
              0.50000000000000422,
              -0.86602540378443782,
              -5.8037045119811279E-14
            ],
            [
              2.780076242156216E-14,
              -5.0033768072642622E-14,
              0.99999999999999911
            ],
            [
              -0.86602540378443771,
              -0.500000000000004,
              -1.1989992152162744E-15
            ]
          ],
          "translation_cm": [
            11.898810698707997,
            23.419478724825467,
            -14.854331972877311
          ]
        }
      },
      {
        "node_id": "0298100074-M1:4",
        "file_name": "E:\\Phase 1\\New-Assemblies\\PRANA - Assembly Automation\\Assembly 12\\Workspaces\\1830052065-M1\\0298100074-M1.ipt",
        "component_type": "kPartDocumentObject",
        "grounded": false,
        "suppressed": false,
        "visible": true,
        "adaptive": false,
        "flexible": false,
        "dof_translation": 0,
        "dof_rotation": 0,
        "fully_constrained": true,
        "transform": {
          "rotation_matrix": [
            [
              0.50000000000000488,
              -0.8660254037844396,
              -5.7808664859290756E-14
            ],
            [
              2.7956444829286569E-14,
              -5.0303417912666005E-14,
              0.99999999999999922
            ],
            [
              -0.86602540378443982,
              -0.50000000000000544,
              -1.4652338744180816E-15
            ]
          ],
          "translation_cm": [
            11.898810698709688,
            23.419478724825414,
            -54.8543319728755
          ]
        }
      },
      {
        "node_id": "0228100005-M1:2",
        "file_name": "E:\\Phase 1\\New-Assemblies\\PRANA - Assembly Automation\\Assembly 12\\Workspaces\\1830052065-M1\\0228100005-M1.ipt",
        "component_type": "kPartDocumentObject",
        "grounded": false,
        "suppressed": false,
        "visible": true,
        "adaptive": false,
        "flexible": false,
        "dof_translation": 0,
        "dof_rotation": 0,
        "fully_constrained": true,
        "transform": {
          "rotation_matrix": [
            [
              2.8632704215642663E-14,
              -0.99999999999999956,
              -5.7272417032455131E-14
            ],
            [
              -1.5597625286181012E-16,
              -5.683532631660496E-14,
              0.99999999999999856
            ],
            [
              -0.99999999999999822,
              -2.884087103275786E-14,
              1.0652690765089687E-15
            ]
          ],
          "translation_cm": [
            39.248810698712028,
            -12.080521275173169,
            -79.854331972881269
          ]
        }
      },
      {
        "node_id": "0298010800-M1:1",
        "file_name": "E:\\Phase 1\\New-Assemblies\\PRANA - Assembly Automation\\Assembly 12\\Workspaces\\1830052065-M1\\0298010800-M1.ipt",
        "component_type": "kPartDocumentObject",
        "grounded": false,
        "suppressed": false,
        "visible": true,
        "adaptive": false,
        "flexible": false,
        "dof_translation": 0,
        "dof_rotation": 0,
        "fully_constrained": true,
        "transform": {
          "rotation_matrix": [
            [
              0.99999999999999889,
              -5.8235455722521178E-14,
              2.5259468251612536E-14
            ],
            [
              5.806826120360374E-14,
              0.99999999999999789,
              4.5839672724254175E-15
            ],
            [
              -2.3857811683018972E-14,
              -3.2500813848389618E-15,
              1.0000000000000004
            ]
          ],
          "translation_cm": [
            36.898810698714065,
            -9.0805212751732824,
            -109.35433197288128
          ]
        }
      },
      {
        "node_id": "0298010800-M1:2",
        "file_name": "E:\\Phase 1\\New-Assemblies\\PRANA - Assembly Automation\\Assembly 12\\Workspaces\\1830052065-M1\\0298010800-M1.ipt",
        "component_type": "kPartDocumentObject",
        "grounded": false,
        "suppressed": false,
        "visible": true,
        "adaptive": false,
        "flexible": false,
        "dof_translation": 0,
        "dof_rotation": 0,
        "fully_constrained": true,
        "transform": {
          "rotation_matrix": [
            [
              0.99999999999999845,
              -5.7307085477905011E-14,
              2.5171529853722915E-14
            ],
            [
              5.7394594955480245E-14,
              0.99999999999999734,
              4.6835639115515072E-15
            ],
            [
              -2.385781168301895E-14,
              -3.2500813848389662E-15,
              1.0
            ]
          ],
          "translation_cm": [
            36.898810698711443,
            20.619478724826998,
            -109.35433197288134
          ]
        }
      },
      {
        "node_id": "0298010800-M1:3",
        "file_name": "E:\\Phase 1\\New-Assemblies\\PRANA - Assembly Automation\\Assembly 12\\Workspaces\\1830052065-M1\\0298010800-M1.ipt",
        "component_type": "kPartDocumentObject",
        "grounded": false,
        "suppressed": false,
        "visible": true,
        "adaptive": false,
        "flexible": false,
        "dof_translation": 0,
        "dof_rotation": 0,
        "fully_constrained": true,
        "transform": {
          "rotation_matrix": [
            [
              0.99999999999999911,
              -5.7599978763151227E-14,
              -7.4439289776531216E-14
            ],
            [
              5.7493330311534421E-14,
              0.99999999999999811,
              3.258147628437552E-15
            ],
            [
              7.5813190769509643E-14,
              -1.9363006023504314E-15,
              1.0000000000000007
            ]
          ],
          "translation_cm": [
            -39.901189301288248,
            -9.0805212751778352,
            -109.35433197288275
          ]
        }
      },
      {
        "node_id": "0298010800-M1:4",
        "file_name": "E:\\Phase 1\\New-Assemblies\\PRANA - Assembly Automation\\Assembly 12\\Workspaces\\1830052065-M1\\0298010800-M1.ipt",
        "component_type": "kPartDocumentObject",
        "grounded": false,
        "suppressed": false,
        "visible": true,
        "adaptive": false,
        "flexible": false,
        "dof_translation": 0,
        "dof_rotation": 0,
        "fully_constrained": true,
        "transform": {
          "rotation_matrix": [
            [
              0.99999999999999911,
              -6.23207415697304E-14,
              -7.4425411988728084E-14
            ],
            [
              6.2152134169396482E-14,
              0.99999999999999811,
              3.3049603735284406E-15
            ],
            [
              7.5813190769509656E-14,
              -1.9363006023504361E-15,
              1.0000000000000004
            ]
          ],
          "translation_cm": [
            -39.901189301289,
            20.619478724822621,
            -109.3543319728828
          ]
        }
      },
      {
        "node_id": "0298100025-M1-00:7",
        "file_name": "E:\\Phase 1\\New-Assemblies\\PRANA - Assembly Automation\\Assembly 12\\Workspaces\\1830052065-M1\\0298100025-M1-00.ipt",
        "component_type": "kPartDocumentObject",
        "grounded": false,
        "suppressed": false,
        "visible": true,
        "adaptive": false,
        "flexible": false,
        "dof_translation": 0,
        "dof_rotation": 0,
        "fully_constrained": true,
        "transform": {
          "rotation_matrix": [
            [
              -0.50000000000026568,
              0.86602540378466919,
              2.8365172125850724E-14
            ],
            [
              0.86602540378471626,
              0.50000000000019773,
              -1.2324021394609864E-15
            ],
            [
              -1.3646677694079746E-14,
              2.5419825574945608E-14,
              -0.99999999999998057
            ]
          ],
          "translation_cm": [
            34.248810698707992,
            15.169478724826952,
            17.275668027118869
          ]
        }
      },
      {
        "node_id": "0298100025-M1-00:8",
        "file_name": "E:\\Phase 1\\New-Assemblies\\PRANA - Assembly Automation\\Assembly 12\\Workspaces\\1830052065-M1\\0298100025-M1-00.ipt",
        "component_type": "kPartDocumentObject",
        "grounded": false,
        "suppressed": false,
        "visible": true,
        "adaptive": false,
        "flexible": false,
        "dof_translation": 0,
        "dof_rotation": 0,
        "fully_constrained": true,
        "transform": {
          "rotation_matrix": [
            [
              0.50000000000023748,
              -0.86602540378465,
              2.267184170466218E-14
            ],
            [
              -0.86602540378468373,
              -0.50000000000017608,
              -7.4675200250075227E-16
            ],
            [
              1.3704847320418965E-14,
              -1.8077953664263196E-14,
              -0.99999999999999933
            ]
          ],
          "translation_cm": [
            -37.251189301292804,
            15.169478724822634,
            17.275668027117209
          ]
        }
      },
      {
        "node_id": "0298100107-M1:9",
        "file_name": "E:\\Phase 1\\New-Assemblies\\PRANA - Assembly Automation\\Assembly 12\\Workspaces\\1830052065-M1\\0298100107-M1.ipt",
        "component_type": "kPartDocumentObject",
        "grounded": false,
        "suppressed": false,
        "visible": true,
        "adaptive": false,
        "flexible": false,
        "dof_translation": 0,
        "dof_rotation": 0,
        "fully_constrained": true,
        "transform": {
          "rotation_matrix": [
            [
              4.7282614570985271E-14,
              3.5748033684047866E-14,
              -0.999999999999999
            ],
            [
              -0.50000000000004374,
              -0.86602540378441251,
              -5.515961307276072E-14
