{
  "assembly_metadata": {
    "assembly_name": "1837069568-M1.iam",
    "full_file_name": "E:\\Phase 1\\New-Assemblies\\PRANA - Assembly Automation\\Assembly 15\\Workspaces\\1837069568-M1\\1837069568-M1.iam",
    "internal_name": "{5B642175-440A-5DD5-89E6-81BF54D020FE}",
    "total_occurrences": 78,
    "total_constraints": 41
  },
  "physics": {
    "mass_kg": 199.96306914917409,
    "center_of_mass": [
      -246.36582168996938,
      81.404804186174559,
      119.5245698089347
    ],
    "inertia_tensor": [
      660930.7971706338,
      4747762.036802372,
      4089771.3897327576,
      -79.162100121498113,
      7930.1512752974031,
      -5194.4721862106326
    ]
  },
  "assembly_graph": {
    "nodes": [
      {
        "node_id": "1628143800-M1:1",
        "file_name": "E:\\Phase 1\\New-Assemblies\\PRANA - Assembly Automation\\Assembly 15\\Workspaces\\1837069568-M1\\1628143800-M1.iam",
        "component_type": "kAssemblyDocumentObject",
        "grounded": true,
        "suppressed": false,
        "visible": true,
        "adaptive": false,
        "flexible": false,
        "dof_translation": 3,
        "dof_rotation": 3,
        "fully_constrained": false,
        "transform": {
          "rotation_matrix": [
            [
              -1.0,
              -2.0320617863689625E-13,
              7.45885485051449E-15
            ],
            [
              -2.277328471198042E-15,
              -2.2711218796568511E-12,
              -1.0000000000000007
            ],
            [
              2.0133618933580486E-13,
              -1.0000000000000024,
              2.2683718974264265E-12
            ]
          ],
          "translation_cm": [
            -480.30000035537336,
            82.50000076490592,
            197.40002374113007
          ]
        }
      },
      {
        "node_id": "1628143800-M1:1/1628143801-M1:1",
        "file_name": "E:\\Phase 1\\New-Assemblies\\PRANA - Assembly Automation\\Assembly 15\\Workspaces\\1837069568-M1\\1628143801-M1.ipt",
        "component_type": "kPartDocumentObject",
        "grounded": true,
        "suppressed": false,
        "visible": true,
        "adaptive": false,
        "flexible": false,
        "dof_translation": 0,
        "dof_rotation": 0,
        "fully_constrained": false,
        "transform": {
          "rotation_matrix": [
            [
              -1.0,
              -2.0320617863689625E-13,
              7.45885485051449E-15
            ],
            [
              -2.277328471198042E-15,
              -2.2711218796568511E-12,
              -1.0000000000000007
            ],
            [
              2.0133618933580486E-13,
              -1.0000000000000024,
              2.2683718974264265E-12
            ]
          ],
          "translation_cm": [
            -480.30000035537336,
            82.50000076490592,
            197.40002374113007
          ]
        }
      },
      {
        "node_id": "1628143800-M1:1/0298010600-M1-00:1",
        "file_name": "E:\\Phase 1\\New-Assemblies\\PRANA - Assembly Automation\\Assembly 15\\Workspaces\\1837069568-M1\\0298010600-M1-00.ipt",
        "component_type": "kPartDocumentObject",
        "grounded": false,
        "suppressed": false,
        "visible": true,
        "adaptive": false,
        "flexible": false,
        "dof_translation": 0,
        "dof_rotation": 0,
        "fully_constrained": true,
        "transform": {
          "rotation_matrix": [
            [
              0.50000000000017464,
              0.866025403784331,
              -9.4173461607736822E-15
            ],
            [
              1.968005401357451E-12,
              -1.1333641255632921E-12,
              0.99999999999999789
            ],
            [
              0.86602540378433734,
              -0.50000000000017353,
              -2.2714579211502967E-12
            ]
          ],
          "translation_cm": [
            -485.00000035539966,
            78.260000764611135,
            67.600023741140291
          ]
        }
      },
      {
        "node_id": "1628143800-M1:1/1628143802-M1:1",
        "file_name": "E:\\Phase 1\\New-Assemblies\\PRANA - Assembly Automation\\Assembly 15\\Workspaces\\1837069568-M1\\1628143802-M1.ipt",
        "component_type": "kPartDocumentObject",
        "grounded": false,
        "suppressed": false,
        "visible": true,
        "adaptive": false,
        "flexible": false,
        "dof_translation": 0,
        "dof_rotation": 0,
        "fully_constrained": true,
        "transform": {
          "rotation_matrix": [
            [
              2.0291018576252686E-13,
              -1.0000000000000004,
              7.3363942151320854E-15
            ],
            [
              2.27102473514219E-12,
              -2.4806502491895162E-15,
              -0.99999999999999933
            ],
            [
              0.99999999999999967,
              1.9982663755428049E-13,
              2.267594741309186E-12
            ]
          ],
          "translation_cm": [
            -480.50000035539995,
            78.200000764607736,
            66.100023741139523
          ]
        }
      },
      {
        "node_id": "1628143800-M1:1/0298010600-M1-00:2",
        "file_name": "E:\\Phase 1\\New-Assemblies\\PRANA - Assembly Automation\\Assembly 15\\Workspaces\\1837069568-M1\\0298010600-M1-00.ipt",
        "component_type": "kPartDocumentObject",
        "grounded": false,
        "suppressed": false,
        "visible": true,
        "adaptive": false,
        "flexible": false,
        "dof_translation": 0,
        "dof_rotation": 0,
        "fully_constrained": true,
        "transform": {
          "rotation_matrix": [
            [
              -0.50000000000017619,
              -0.8660254037843369,
              -7.45885485051449E-15
            ],
            [
              -1.9679879071090967E-12,
              1.133588715519607E-12,
              1.0000000000000007
            ],
            [
              -0.8660254037843399,
              0.50000000000017586,
              -2.2683718974264265E-12
            ]
          ],
          "translation_cm": [
            -485.00000035538244,
            78.330000764803714,
            152.40002374114036
          ]
        }
      },
      {
        "node_id": "1628143800-M1:1/1628143802-M1:2",
        "file_name": "E:\\Phase 1\\New-Assemblies\\PRANA - Assembly Automation\\Assembly 15\\Workspaces\\1837069568-M1\\1628143802-M1.ipt",
        "component_type": "kPartDocumentObject",
        "grounded": false,
        "suppressed": false,
        "visible": true,
        "adaptive": false,
        "flexible": false,
        "dof_translation": 0,
        "dof_rotation": 0,
        "fully_constrained": true,
        "transform": {
          "rotation_matrix": [
            [
              2.0296167854936651E-13,
              -1.0,
              7.45885485051449E-15
            ],
            [
              2.2711218796568511E-12,
              -2.2773284711985974E-15,
              -1.0000000000000007
            ],
            [
              1.0000000000000024,
              2.0109168924827512E-13,
              2.2683718974264265E-12
            ]
          ],
          "translation_cm": [
            -480.50000035538278,
            78.200000764800308,
            150.90002374113976
          ]
        }
      },
      {
        "node_id": "1628095100-M1:31",
        "file_name": "E:\\Phase 1\\New-Assemblies\\PRANA - Assembly Automation\\Assembly 15\\Workspaces\\1837069568-M1\\1628095100-M1.iam",
        "component_type": "kAssemblyDocumentObject",
        "grounded": true,
        "suppressed": false,
        "visible": true,
        "adaptive": false,
        "flexible": false,
        "dof_translation": 0,
        "dof_rotation": 0,
        "fully_constrained": false,
        "transform": {
          "rotation_matrix": [
            [
              -0.99999999999998967,
              6.8407582867192212E-15,
              -4.0245584642661855E-14
            ],
            [
              -2.4208647927852608E-15,
              -0.99999999999998335,
              2.2708413042523336E-12
            ],
            [
              -3.6175880762008749E-14,
              2.2663391977168282E-12,
              0.99999999999998568
            ]
          ],
          "translation_cm": [
            -185.25000035540825,
            80.245000764356973,
            57.500023764919554
          ]
        }
      },
      {
        "node_id": "1628095100-M1:31/1628095101-M1:1",
        "file_name": "E:\\Phase 1\\New-Assemblies\\PRANA - Assembly Automation\\Assembly 15\\Workspaces\\1837069568-M1\\1628095101-M1.ipt",
        "component_type": "kPartDocumentObject",
        "grounded": true,
        "suppressed": false,
        "visible": true,
        "adaptive": false,
        "flexible": false,
        "dof_translation": 0,
        "dof_rotation": 0,
        "fully_constrained": false,
        "transform": {
          "rotation_matrix": [
            [
              -0.99999999999998967,
              6.8407582867192212E-15,
              -4.0245584642661855E-14
            ],
            [
              -2.4208647927852608E-15,
              -0.99999999999998335,
              2.2708413042523336E-12
            ],
            [
              -3.6175880762008749E-14,
              2.2663391977168282E-12,
              0.99999999999998568
            ]
          ],
          "translation_cm": [
            -185.25000035540825,
            80.245000764356973,
            57.500023764919554
          ]
        }
      },
      {
        "node_id": "1628095100-M1:31/1628095102-M1:1",
        "file_name": "E:\\Phase 1\\New-Assemblies\\PRANA - Assembly Automation\\Assembly 15\\Workspaces\\1837069568-M1\\1628095102-M1.ipt",
        "component_type": "kPartDocumentObject",
        "grounded": false,
        "suppressed": false,
        "visible": true,
        "adaptive": false,
        "flexible": false,
        "dof_translation": 0,
        "dof_rotation": 0,
        "fully_constrained": true,
        "transform": {
          "rotation_matrix": [
            [
              -0.99999999999998923,
              4.0245584642661836E-14,
              6.96242656339047E-15
            ],
            [
              -2.5425330694565077E-15,
              -2.2708413042523328E-12,
              -0.99999999999998335
            ],
            [
              -3.6175880762008453E-14,
              -0.99999999999998523,
              2.2663391977168282E-12
            ]
          ],
          "translation_cm": [
            -183.55000035540834,
            78.3700007643628,
            60.050023764923829
          ]
        }
      },
      {
        "node_id": "1628095100-M1:31/1628095102-M1:2",
        "file_name": "E:\\Phase 1\\New-Assemblies\\PRANA - Assembly Automation\\Assembly 15\\Workspaces\\1837069568-M1\\1628095102-M1.ipt",
        "component_type": "kPartDocumentObject",
        "grounded": false,
        "suppressed": false,
        "visible": true,
        "adaptive": false,
        "flexible": false,
        "dof_translation": 0,
        "dof_rotation": 0,
        "fully_constrained": true,
        "transform": {
          "rotation_matrix": [
            [
              -0.99999999999998967,
              4.0245584642661855E-14,
              6.4276520449982375E-15
            ],
            [
              -2.0077585510642794E-15,
              -2.2708413042523336E-12,
              -0.99999999999998335
            ],
            [
              -3.6175880762009683E-14,
              -0.99999999999998568,
              2.2663391977168282E-12
            ]
          ],
          "translation_cm": [
            -183.55000035540814,
            78.370000764351218,
            54.9500237649239
          ]
        }
      },
      {
        "node_id": "1628095100-M1:32",
        "file_name": "E:\\Phase 1\\New-Assemblies\\PRANA - Assembly Automation\\Assembly 15\\Workspaces\\1837069568-M1\\1628095100-M1.iam",
        "component_type": "kAssemblyDocumentObject",
        "grounded": true,
        "suppressed": false,
        "visible": true,
        "adaptive": false,
        "flexible": false,
        "dof_translation": 0,
        "dof_rotation": 0,
        "fully_constrained": false,
        "transform": {
          "rotation_matrix": [
            [
              -0.99999999999998923,
              -8.0014787791011405E-13,
              -3.3312677235467972E-14
            ],
            [
              7.9874762309947676E-13,
              -0.99999999999997824,
              2.2708982639808574E-12
            ],
            [
              -3.4613677236437862E-14,
              2.2656619788164892E-12,
              0.99999999999998357
            ]
          ],
          "translation_cm": [
            -185.25000035534589,
            80.245000764596824,
            162.5000237649196
          ]
        }
      },
      {
        "node_id": "1628095100-M1:32/1628095101-M1:1",
        "file_name": "E:\\Phase 1\\New-Assemblies\\PRANA - Assembly Automation\\Assembly 15\\Workspaces\\1837069568-M1\\1628095101-M1.ipt",
        "component_type": "kPartDocumentObject",
        "grounded": true,
        "suppressed": false,
        "visible": true,
        "adaptive": false,
        "flexible": false,
        "dof_translation": 0,
        "dof_rotation": 0,
        "fully_constrained": false,
        "transform": {
          "rotation_matrix": [
            [
              -0.99999999999998923,
              -8.0014787791011405E-13,
              -3.3312677235467972E-14
            ],
            [
              7.9874762309947676E-13,
              -0.99999999999997824,
              2.2708982639808574E-12
            ],
            [
              -3.4613677236437862E-14,
              2.2656619788164892E-12,
              0.99999999999998357
            ]
          ],
          "translation_cm": [
            -185.25000035534589,
            80.245000764596824,
            162.5000237649196
          ]
        }
      },
      {
        "node_id": "1628095100-M1:32/1628095102-M1:1",
        "file_name": "E:\\Phase 1\\New-Assemblies\\PRANA - Assembly Automation\\Assembly 15\\Workspaces\\1837069568-M1\\1628095102-M1.ipt",
        "component_type": "kPartDocumentObject",
        "grounded": false,
        "suppressed": false,
        "visible": true,
        "adaptive": false,
        "flexible": false,
        "dof_translation": 0,
        "dof_rotation": 0,
        "fully_constrained": true,
        "transform": {
          "rotation_matrix": [
            [
              -0.99999999999998879,
              3.3312677235467959E-14,
              -8.0002620963344276E-13
            ],
            [
              7.9862595482280506E-13,
              -2.2708982639808566E-12,
              -0.99999999999997824
            ],
            [
              -3.4613677236437571E-14,
              -0.99999999999998312,
              2.2656619788164892E-12
            ]
          ],
          "translation_cm": [
            -183.55000035534749,
            78.3700007646013,
            165.05002376492388
          ]
        }
      },
      {
        "node_id": "1628095100-M1:32/1628095102-M1:2",
        "file_name": "E:\\Phase 1\\New-Assemblies\\PRANA - Assembly Automation\\Assembly 15\\Workspaces\\1837069568-M1\\1628095102-M1.ipt",
        "component_type": "kPartDocumentObject",
        "grounded": false,
        "suppressed": false,
        "visible": true,
        "adaptive": false,
        "flexible": false,
        "dof_translation": 0,
        "dof_rotation": 0,
        "fully_constrained": true,
        "transform": {
          "rotation_matrix": [
            [
              -0.99999999999998923,
              3.3312677235467972E-14,
              -8.00560984151835E-13
            ],
            [
              7.9916072934119775E-13,
              -2.2708982639808574E-12,
              -0.99999999999997824
            ],
            [
              -3.4613677236438796E-14,
              -0.99999999999998357,
              2.2656619788164892E-12
            ]
          ],
          "translation_cm": [
            -183.55000035534732,
            78.370000764589719,
            159.95002376492394
          ]
        }
      },
      {
        "node_id": "1628095100-M1:13",
        "file_name": "E:\\Phase 1\\New-Assemblies\\PRANA - Assembly Automation\\Assembly 15\\Workspaces\\1837069568-M1\\1628095100-M1.iam",
        "component_type": "kAssemblyDocumentObject",
        "grounded": true,
        "suppressed": false,
        "visible": true,
        "adaptive": false,
        "flexible": false,
        "dof_translation": 0,
        "dof_rotation": 0,
        "fully_constrained": false,
        "transform": {
          "rotation_matrix": [
            [
              0.99999999999999689,
              7.5009443099610785E-14,
              -2.0908685169755341E-13
            ],
            [
              6.8306471589431339E-14,
              -0.99999999999999,
              -2.2711480641621465E-12
            ],
            [
              -2.0882576822914734E-13,
              2.2732461921696426E-12,
              -0.99999999999999567
            ]
          ],
          "translation_cm": [
            -474.775000355407,
            80.2450007645884,
            57.500023764978451
          ]
        }
      },
      {
        "node_id": "1628095100-M1:13/1628095101-M1:1",
        "file_name": "E:\\Phase 1\\New-Assemblies\\PRANA - Assembly Automation\\Assembly 15\\Workspaces\\1837069568-M1\\1628095101-M1.ipt",
        "component_type": "kPartDocumentObject",
        "grounded": true,
        "suppressed": false,
        "visible": true,
        "adaptive": false,
        "flexible": false,
        "dof_translation": 0,
        "dof_rotation": 0,
        "fully_constrained": false,
        "transform": {
          "rotation_matrix": [
            [
              0.99999999999999689,
              7.5009443099610785E-14,
              -2.0908685169755341E-13
            ],
            [
              6.8306471589431339E-14,
              -0.99999999999999,
              -2.2711480641621465E-12
            ],
            [
              -2.0882576822914734E-13,
              2.2732461921696426E-12,
              -0.99999999999999567
            ]
          ],
          "translation_cm": [
            -474.775000355407,
            80.2450007645884,
            57.500023764978451
          ]
        }
      },
      {
        "node_id": "1628095100-M1:13/1628095102-M1:1",
        "file_name": "E:\\Phase 1\\New-Assemblies\\PRANA - Assembly Automation\\Assembly 15\\Workspaces\\1837069568-M1\\1628095102-M1.ipt",
        "component_type": "kPartDocumentObject",
        "grounded": false,
        "suppressed": false,
        "visible": true,
        "adaptive": false,
        "flexible": false,
        "dof_translation": 0,
        "dof_rotation": 0,
        "fully_constrained": true,
        "transform": {
          "rotation_matrix": [
            [
              0.99999999999999645,
              2.0908685169755331E-13,
              7.4887774822939539E-14
            ],
            [
              6.8184803312760067E-14,
              2.2711480641621457E-12,
              -0.99999999999999
            ],
            [
              -2.0882576822914696E-13,
              0.99999999999999523,
              2.2732461921696426E-12
            ]
          ],
          "translation_cm": [
            -476.47500035540736,
            78.370000764582514,
            54.950023764983079
          ]
        }
      },
      {
        "node_id": "1628095100-M1:13/1628095102-M1:2",
        "file_name": "E:\\Phase 1\\New-Assemblies\\PRANA - Assembly Automation\\Assembly 15\\Workspaces\\1837069568-M1\\1628095102-M1.ipt",
        "component_type": "kPartDocumentObject",
        "grounded": false,
        "suppressed": false,
        "visible": true,
        "adaptive": false,
        "flexible": false,
        "dof_translation": 0,
        "dof_rotation": 0,
        "fully_constrained": true,
        "transform": {
          "rotation_matrix": [
            [
              0.99999999999999689,
              2.0908685169755341E-13,
              7.5422549341331768E-14
            ],
            [
              6.8719577831152322E-14,
              2.2711480641621465E-12,
              -0.99999999999999
            ],
            [
              -2.0882576822914827E-13,
              0.99999999999999567,
              2.2732461921696426E-12
            ]
          ],
          "translation_cm": [
            -476.47500035540628,
            78.3700007645941,
            60.050023764983059
          ]
        }
      },
      {
        "node_id": "1628095100-M1:14",
        "file_name": "E:\\Phase 1\\New-Assemblies\\PRANA - Assembly Automation\\Assembly 15\\Workspaces\\1837069568-M1\\1628095100-M1.iam",
        "component_type": "kAssemblyDocumentObject",
        "grounded": true,
        "suppressed": false,
        "visible": true,
        "adaptive": false,
        "flexible": false,
        "dof_translation": 0,
        "dof_rotation": 0,
        "fully_constrained": false,
        "transform": {
          "rotation_matrix": [
            [
              0.99999999999999767,
              1.3347136253737433E-13,
              -1.8941816870552462E-13
            ],
            [
              1.2636593518081318E-13,
              -0.999999999999988,
              -2.2711480641621461E-12
            ],
            [
              -1.8925774727759702E-13,
              2.2726706117799484E-12,
              -0.99999999999999079
            ]
          ],
          "translation_cm": [
            -474.77500035539055,
            80.245000764826912,
            162.50002376497838
          ]
        }
      },
      {
        "node_id": "1628095100-M1:14/1628095101-M1:1",
        "file_name": "E:\\Phase 1\\New-Assemblies\\PRANA - Assembly Automation\\Assembly 15\\Workspaces\\1837069568-M1\\1628095101-M1.ipt",
        "component_type": "kPartDocumentObject",
        "grounded": true,
        "suppressed": false,
        "visible": true,
        "adaptive": false,
        "flexible": false,
        "dof_translation": 0,
        "dof_rotation": 0,
        "fully_constrained": false,
        "transform": {
          "rotation_matrix": [
            [
              0.99999999999999767,
              1.3347136253737433E-13,
              -1.8941816870552462E-13
            ],
            [
              1.2636593518081318E-13,
              -0.999999999999988,
              -2.2711480641621461E-12
            ],
            [
              -1.8925774727759702E-13,
              2.2726706117799484E-12,
              -0.99999999999999079
            ]
          ],
          "translation_cm": [
            -474.77500035539055,
            80.245000764826912,
            162.50002376497838
          ]
        }
      },
      {
        "node_id": "1628095100-M1:14/1628095102-M1:1",
        "file_name": "E:\\Phase 1\\New-Assemblies\\PRANA - Assembly Automation\\Assembly 15\\Workspaces\\1837069568-M1\\1628095102-M1.ipt",
        "component_type": "kPartDocumentObject",
        "grounded": false,
        "suppressed": false,
        "visible": true,
        "adaptive": false,
        "flexible": false,
        "dof_translation": 0,
        "dof_rotation": 0,
        "fully_constrained": true,
        "transform": {
          "rotation_matrix": [
            [
              0.99999999999999722,
              1.8941816870552454E-13,
              1.3334969426070308E-13
            ],
            [
              1.2624426690414188E-13,
              2.2711480641621453E-12,
              -0.999999999999988
            ],
            [
              -1.8925774727759667E-13,
              0.99999999999999034,
              2.2726706117799484E-12
            ]
          ],
          "translation_cm": [
            -476.47500035539076,
            78.370000764820929,
            159.95002376498297
          ]
        }
      },
      {
        "node_id": "1628095100-M1:14/1628095102-M1:2",
        "file_name": "E:\\Phase 1\\New-Assemblies\\PRANA - Assembly Automation\\Assembly 15\\Workspaces\\1837069568-M1\\1628095102-M1.ipt",
        "component_type": "kPartDocumentObject",
        "grounded": false,
        "suppressed": false,
        "visible": true,
        "adaptive": false,
        "flexible": false,
        "dof_translation": 0,
        "dof_rotation": 0,
        "fully_constrained": true,
        "transform": {
          "rotation_matrix": [
            [
              0.99999999999999767,
              1.8941816870552462E-13,
              1.3388446877909532E-13
            ],
            [
              1.2677904142253418E-13,
              2.2711480641621461E-12,
              -0.999999999999988
            ],
            [
              -1.8925774727759796E-13,
              0.99999999999999079,
              2.2726706117799484E-12
            ]
          ],
          "translation_cm": [
            -476.4750003553898,
            78.370000764832511,
            165.05002376498294
          ]
        }
      },
      {
        "node_id": "1628095100-M1:15",
        "file_name": "E:\\Phase 1\\New-Assemblies\\PRANA - Assembly Automation\\Assembly 15\\Workspaces\\1837069568-M1\\1628095100-M1.iam",
        "component_type": "kAssemblyDocumentObject",
        "grounded": true,
        "suppressed": false,
        "visible": true,
        "adaptive": false,
        "flexible": false,
        "dof_translation": 0,
        "dof_rotation": 0,
        "fully_constrained": false,
        "transform": {
          "rotation_matrix": [
            [
              0.99999999999999512,
              7.25530746576397E-14,
              1.897620936603405E-14
            ],
            [
              6.561418075524584E-14,
              -0.99999999999998546,
              -2.2708982639817044E-12
            ],
            [
              2.0398327913834438E-14,
              2.2733726644738872E-12,
              -0.99999999999999
            ]
          ],
          "translation_cm": [
            -414.77500035547274,
            80.2450007645421,
            57.498810641041146
          ]
        }
      },
      {
        "node_id": "1628095100-M1:15/1628095101-M1:1",
        "file_name": "E:\\Phase 1\\New-Assemblies\\PRANA - Assembly Automation\\Assembly 15\\Workspaces\\1837069568-M1\\1628095101-M1.ipt",
        "component_type": "kPartDocumentObject",
        "grounded": true,
        "suppressed": false,
        "visible": true,
        "adaptive": false,
        "flexible": false,
        "dof_translation": 0,
        "dof_rotation": 0,
        "fully_constrained": false,
        "transform": {
          "rotation_matrix": [
            [
              0.99999999999999512,
              7.25530746576397E-14,
              1.897620936603405E-14
            ],
            [
              6.561418075524584E-14,
              -0.99999999999998546,
              -2.2708982639817044E-12
            ],
            [
              2.0398327913834438E-14,
              2.2733726644738872E-12,
              -0.99999999999999
            ]
          ],
          "translation_cm": [
            -414.77500035547274,
            80.2450007645421,
            57.498810641041146
          ]
        }
      },
      {
        "node_id": "1628095100-M1:15/1628095102-M1:1",
        "file_name": "E:\\Phase 1\\New-Assemblies\\PRANA - Assembly Automation\\Assembly 15\\Workspaces\\1837069568-M1\\1628095102-M1.ipt",
        "component_type": "kPartDocumentObject",
        "grounded": false,
        "suppressed": false,
        "visible": true,
        "adaptive": false,
        "flexible": false,
        "dof_translation": 0,
        "dof_rotation": 0,
        "fully_constrained": true,
        "transform": {
          "rotation_matrix": [
            [
              0.99999999999999467,
              -1.8976209366034041E-14,
              7.2431406380968459E-14
            ],
            [
              6.5492512478574569E-14,
              2.2708982639817036E-12,
              -0.99999999999998546
            ],
            [
              2.0398327913834706E-14,
              0.99999999999998956,
              2.2733726644738872E-12
            ]
          ],
          "translation_cm": [
            -416.47500035547256,
            78.370000764536229,
            54.9488106410454
          ]
        }
      },
      {
        "node_id": "1628095100-M1:15/1628095102-M1:2",
        "file_name": "E:\\Phase 1\\New-Assemblies\\PRANA - Assembly Automation\\Assembly 15\\Workspaces\\1837069568-M1\\1628095102-M1.ipt",
        "component_type": "kPartDocumentObject",
        "grounded": false,
        "suppressed": false,
        "visible": true,
        "adaptive": false,
        "flexible": false,
        "dof_translation": 0,
        "dof_rotation": 0,
        "fully_constrained": true,
        "transform": {
          "rotation_matrix": [
            [
              0.99999999999999512,
              -1.897620936603405E-14,
              7.2966180899360688E-14
            ],
            [
              6.6027286996966823E-14,
              2.2708982639817044E-12,
              -0.99999999999998546
            ],
            [
              2.0398327913833498E-14,
              0.99999999999999,
              2.2733726644738872E-12
            ]
          ],
          "translation_cm": [
            -416.47500035547267,
            78.370000764547811,
            60.04881064104535
          ]
        }
      },
      {
        "node_id": "1628095100-M1:16",
        "file_name": "E:\\Phase 1\\New-Assemblies\\PRANA - Assembly Automation\\Assembly 15\\Workspaces\\1837069568-M1\\1628095100-M1.iam",
        "component_type": "kAssemblyDocumentObject",
        "grounded": true,
        "suppressed": false,
        "visible": true,
        "adaptive": false,
        "flexible": false,
        "dof_translation": 0,
        "dof_rotation": 0,
        "fully_constrained": false,
        "transform": {
          "rotation_matrix": [
            [
              0.99999999999999689,
              7.2053474296522224E-14,
              3.29787302213674E-14
            ],
            [
              6.5891736511397762E-14,
              -0.99999999999998734,
              -2.2708982639817145E-12
            ],
            [
              3.3263037211683204E-14,
              2.2724448304514618E-12,
              -0.999999999999995
            ]
          ],
          "translation_cm": [
            -414.77500035547467,
            80.245000764780571,
            162.49881064104073
          ]
        }
      },
      {
        "node_id": "1628095100-M1:16/1628095101-M1:1",
        "file_name": "E:\\Phase 1\\New-Assemblies\\PRANA - Assembly Automation\\Assembly 15\\Workspaces\\1837069568-M1\\1628095101-M1.ipt",
        "component_type": "kPartDocumentObject",
        "grounded": true,
        "suppressed": false,
        "visible": true,
        "adaptive": false,
        "flexible": false,
        "dof_translation": 0,
        "dof_rotation": 0,
        "fully_constrained": false,
        "transform": {
          "rotation_matrix": [
            [
              0.99999999999999689,
              7.2053474296522224E-14,
              3.29787302213674E-14
            ],
            [
              6.5891736511397762E-14,
              -0.99999999999998734,
              -2.2708982639817145E-12
            ],
            [
              3.3263037211683204E-14,
              2.2724448304514618E-12,
              -0.999999999999995
            ]
          ],
          "translation_cm": [
            -414.77500035547467,
            80.245000764780571,
            162.49881064104073
          ]
        }
      },
      {
        "node_id": "1628095100-M1:16/1628095102-M1:1",
        "file_name": "E:\\Phase 1\\New-Assemblies\\PRANA - Assembly Automation\\Assembly 15\\Workspaces\\1837069568-M1\\1628095102-M1.ipt",
        "component_type": "kPartDocumentObject",
        "grounded": false,
        "suppressed": false,
        "visible": true,
        "adaptive": false,
        "flexible": false,
        "dof_translation": 0,
        "dof_rotation": 0,
        "fully_constrained": true,
        "transform": {
          "rotation_matrix": [
            [
              0.99999999999999645,
              -3.2978730221367386E-14,
              7.1931806019850977E-14
            ],
            [
              6.5770068234726491E-14,
              2.2708982639817137E-12,
              -0.99999999999998734
            ],
            [
              3.3263037211683469E-14,
              0.99999999999999456,
              2.2724448304514618E-12
            ]
          ],
          "translation_cm": [
            -416.47500035547444,
            78.370000764774687,
            159.94881064104496
          ]
        }
      },
      {
        "node_id": "1628095100-M1:16/1628095102-M1:2",
        "file_name": "E:\\Phase 1\\New-Assemblies\\PRANA - Assembly Automation\\Assembly 15\\Workspaces\\1837069568-M1\\1628095102-M1.ipt",
        "component_type": "kPartDocumentObject",
        "grounded": false,
        "suppressed": false,
        "visible": true,
        "adaptive": false,
        "flexible": false,
        "dof_translation": 0,
        "dof_rotation": 0,
        "fully_constrained": true,
        "transform": {
          "rotation_matrix": [
            [
              0.99999999999999689,
              -3.29787302213674E-14,
              7.2466580538243207E-14
            ],
            [
              6.6304842753118745E-14,
              2.2708982639817145E-12,
              -0.99999999999998734
            ],
            [
              3.3263037211682264E-14,
              0.999999999999995,
              2.2724448304514618E-12
            ]
          ],
          "translation_cm": [
            -416.47500035547461,
            78.370000764786269,
            165.04881064104492
          ]
        }
      },
      {
        "node_id": "1628095100-M1:17",
        "file_name": "E:\\Phase 1\\New-Assemblies\\PRANA - Assembly Automation\\Assembly 15\\Workspaces\\1837069568-M1\\1628095100-M1.iam",
        "component_type": "kAssemblyDocumentObject",
        "grounded": true,
        "suppressed": false,
        "visible": true,
        "adaptive": false,
        "flexible": false,
        "dof_translation": 0,
        "dof_rotation": 0,
        "fully_constrained": false,
        "transform": {
          "rotation_matrix": [
            [
              0.99999999999999767,
              7.4884543009324968E-14,
              2.3132479855777679E-14
            ],
            [
              6.8473005043637443E-14,
              -0.9999999999999889,
              -2.2709112744078E-12
            ],
            [
              2.3430888062518709E-14,
              2.2723997873006056E-12,
              -0.99999999999999278
            ]
          ],
          "translation_cm": [
            -294.77500035541306,
            80.245000764455128,
            57.498810641016782
          ]
        }
      },
      {
        "node_id": "1628095100-M1:17/1628095101-M1:1",
        "file_name": "E:\\Phase 1\\New-Assemblies\\PRANA - Assembly Automation\\Assembly 15\\Workspaces\\1837069568-M1\\1628095101-M1.ipt",
        "component_type": "kPartDocumentObject",
        "grounded": true,
        "suppressed": false,
        "visible": true,
        "adaptive": false,
        "flexible": false,
        "dof_translation": 0,
        "dof_rotation": 0,
        "fully_constrained": false,
        "transform": {
          "rotation_matrix": [
            [
              0.99999999999999767,
              7.4884543009324968E-14,
              2.3132479855777679E-14
            ],
            [
              6.8473005043637443E-14,
              -0.9999999999999889,
              -2.2709112744078E-12
            ],
            [
              2.3430888062518709E-14,
              2.2723997873006056E-12,
              -0.99999999999999278
            ]
          ],
          "translation_cm": [
            -294.77500035541306,
            80.245000764455128,
            57.498810641016782
          ]
        }
      },
      {
        "node_id": "1628095100-M1:17/1628095102-M1:1",
        "file_name": "E:\\Phase 1\\New-Assemblies\\PRANA - Assembly Automation\\Assembly 15\\Workspaces\\1837069568-M1\\1628095102-M1.ipt",
        "component_type": "kPartDocumentObject",
        "grounded": false,
        "suppressed": false,
        "visible": true,
        "adaptive": false,
        "flexible": false,
        "dof_translation": 0,
        "dof_rotation": 0,
        "fully_constrained": true,
        "transform": {
          "rotation_matrix": [
            [
              0.99999999999999722,
              -2.3132479855777669E-14,
              7.4762874732653722E-14
            ],
            [
              6.8351336766966171E-14,
              2.2709112744077993E-12,
              -0.9999999999999889
            ],
            [
              2.3430888062518977E-14,
              0.99999999999999234,
              2.2723997873006056E-12
            ]
          ],
          "translation_cm": [
            -296.47500035541287,
            78.370000764449244,
            54.948810641021019
          ]
        }
      },
      {
        "node_id": "1628095100-M1:17/1628095102-M1:2",
        "file_name": "E:\\Phase 1\\New-Assemblies\\PRANA - Assembly Automation\\Assembly 15\\Workspaces\\1837069568-M1\\1628095102-M1.ipt",
        "component_type": "kPartDocumentObject",
        "grounded": false,
        "suppressed": false,
        "visible": true,
        "adaptive": false,
        "flexible": false,
        "dof_translation": 0,
        "dof_rotation": 0,
        "fully_constrained": true,
        "transform": {
          "rotation_matrix": [
            [
              0.99999999999999767,
              -2.3132479855777679E-14,
              7.5297649251045951E-14
            ],
            [
              6.8886111285358426E-14,
              2.2709112744078E-12,
              -0.9999999999999889
            ],
            [
              2.3430888062517771E-14,
              0.99999999999999278,
              2.2723997873006056E-12
            ]
          ],
          "translation_cm": [
            -296.475000355413,
            78.370000764460826,
            60.048810641020985
          ]
        }
      },
      {
        "node_id": "1628095100-M1:18",
        "file_name": "E:\\Phase 1\\New-Assemblies\\PRANA - Assembly Automation\\Assembly 15\\Workspaces\\1837069568-M1\\1628095100-M1.iam",
        "component_type": "kAssemblyDocumentObject",
        "grounded": true,
        "suppressed": false,
        "visible": true,
        "adaptive": false,
        "flexible": false,
        "dof_translation": 0,
        "dof_rotation": 0,
        "fully_constrained": false,
        "transform": {
          "rotation_matrix": [
            [
              0.99999999999999845,
              7.5800477004641E-14,
              2.312407844093257E-14
            ],
            [
              6.8944849829103021E-14,
              -0.99999999999998768,
              -2.2709112744077972E-12
            ],
            [
              2.3236599033208158E-14,
              2.2722466625529757E-12,
              -0.99999999999999267
            ]
          ],
          "translation_cm": [
            -294.77500035541493,
            80.2450007646936,
            162.49881064101629
          ]
        }
      },
      {
        "node_id": "1628095100-M1:18/1628095101-M1:1",
        "file_name": "E:\\Phase 1\\New-Assemblies\\PRANA - Assembly Automation\\Assembly 15\\Workspaces\\1837069568-M1\\1628095101-M1.ipt",
        "component_type": "kPartDocumentObject",
